2.958699999999999886e+00 -0.000000000000000000e+00 -0.000000000000000000e+00 -2.958699999999999886e+00
2.958699999999999886e+00 0.000000000000000000e+00 0.000000000000000000e+00 2.958699999999999886e+00
3.569245896194320977e+00 -2.296850000000000058e+00 -2.296850000000000058e+00 -1.479349999999999943e+00
3.569245896194320977e+00 -2.296850000000000058e+00 -2.296850000000000058e+00 1.479349999999999943e+00
3.569245896194320977e+00 -2.296850000000000058e+00 2.296850000000000058e+00 -1.479349999999999943e+00
3.569245896194320977e+00 -2.296850000000000058e+00 2.296850000000000058e+00 1.479349999999999943e+00
3.569245896194320977e+00 2.296850000000000058e+00 -2.296850000000000058e+00 -1.479349999999999943e+00
3.569245896194320977e+00 2.296850000000000058e+00 -2.296850000000000058e+00 1.479349999999999943e+00
3.569245896194320977e+00 2.296850000000000058e+00 2.296850000000000058e+00 -1.479349999999999943e+00
3.569245896194320977e+00 2.296850000000000058e+00 2.296850000000000058e+00 1.479349999999999943e+00
4.593700000000000117e+00 -4.593700000000000117e+00 0.000000000000000000e+00 0.000000000000000000e+00
4.593700000000000117e+00 -0.000000000000000000e+00 -4.593700000000000117e+00 0.000000000000000000e+00
4.593700000000000117e+00 0.000000000000000000e+00 4.593700000000000117e+00 0.000000000000000000e+00
4.593700000000000117e+00 4.593700000000000117e+00 0.000000000000000000e+00 0.000000000000000000e+00
5.464063083457217473e+00 -4.593700000000000117e+00 -0.000000000000000000e+00 -2.958699999999999886e+00
5.464063083457217473e+00 -4.593700000000000117e+00 0.000000000000000000e+00 2.958699999999999886e+00
5.464063083457217473e+00 -0.000000000000000000e+00 -4.593700000000000117e+00 -2.958699999999999886e+00
5.464063083457217473e+00 -0.000000000000000000e+00 -4.593700000000000117e+00 2.958699999999999886e+00
5.464063083457217473e+00 0.000000000000000000e+00 4.593700000000000117e+00 -2.958699999999999886e+00
5.464063083457217473e+00 0.000000000000000000e+00 4.593700000000000117e+00 2.958699999999999886e+00
5.464063083457217473e+00 4.593700000000000117e+00 -0.000000000000000000e+00 -2.958699999999999886e+00
5.464063083457217473e+00 4.593700000000000117e+00 0.000000000000000000e+00 2.958699999999999886e+00
5.499757053497908110e+00 -2.296850000000000058e+00 -2.296850000000000058e+00 -4.438049999999999606e+00
5.499757053497908110e+00 -2.296850000000000058e+00 -2.296850000000000058e+00 4.438049999999999606e+00
5.499757053497908110e+00 -2.296850000000000058e+00 2.296850000000000058e+00 -4.438049999999999606e+00
5.499757053497908110e+00 -2.296850000000000058e+00 2.296850000000000058e+00 4.438049999999999606e+00
5.499757053497908110e+00 2.296850000000000058e+00 -2.296850000000000058e+00 -4.438049999999999606e+00
5.499757053497908110e+00 2.296850000000000058e+00 -2.296850000000000058e+00 4.438049999999999606e+00
5.499757053497908110e+00 2.296850000000000058e+00 2.296850000000000058e+00 -4.438049999999999606e+00
5.499757053497908110e+00 2.296850000000000058e+00 2.296850000000000058e+00 4.438049999999999606e+00
5.917399999999999771e+00 -0.000000000000000000e+00 -0.000000000000000000e+00 -5.917399999999999771e+00
5.917399999999999771e+00 0.000000000000000000e+00 0.000000000000000000e+00 5.917399999999999771e+00
6.496472841473286408e+00 -4.593700000000000117e+00 -4.593700000000000117e+00 0.000000000000000000e+00
6.496472841473286408e+00 -4.593700000000000117e+00 4.593700000000000117e+00 0.000000000000000000e+00
6.496472841473286408e+00 4.593700000000000117e+00 -4.593700000000000117e+00 0.000000000000000000e+00
6.496472841473286408e+00 4.593700000000000117e+00 4.593700000000000117e+00 0.000000000000000000e+00
7.138491792388641954e+00 -4.593700000000000117e+00 -4.593700000000000117e+00 -2.958699999999999886e+00
7.138491792388641954e+00 -4.593700000000000117e+00 -4.593700000000000117e+00 2.958699999999999886e+00
7.138491792388641954e+00 -4.593700000000000117e+00 4.593700000000000117e+00 -2.958699999999999886e+00
7.138491792388641954e+00 -4.593700000000000117e+00 4.593700000000000117e+00 2.958699999999999886e+00
7.138491792388641954e+00 4.593700000000000117e+00 -4.593700000000000117e+00 -2.958699999999999886e+00
7.138491792388641954e+00 4.593700000000000117e+00 -4.593700000000000117e+00 2.958699999999999886e+00
7.138491792388641954e+00 4.593700000000000117e+00 4.593700000000000117e+00 -2.958699999999999886e+00
7.138491792388641954e+00 4.593700000000000117e+00 4.593700000000000117e+00 2.958699999999999886e+00
7.412400127320435850e+00 -6.890550000000000175e+00 -2.296850000000000058e+00 -1.479349999999999943e+00
7.412400127320435850e+00 -6.890550000000000175e+00 -2.296850000000000058e+00 1.479349999999999943e+00
7.412400127320435850e+00 -6.890550000000000175e+00 2.296850000000000058e+00 -1.479349999999999943e+00
7.412400127320435850e+00 -6.890550000000000175e+00 2.296850000000000058e+00 1.479349999999999943e+00
7.412400127320435850e+00 -2.296850000000000058e+00 -6.890550000000000175e+00 -1.479349999999999943e+00
7.412400127320435850e+00 -2.296850000000000058e+00 -6.890550000000000175e+00 1.479349999999999943e+00
7.412400127320435850e+00 -2.296850000000000058e+00 6.890550000000000175e+00 -1.479349999999999943e+00
7.412400127320435850e+00 -2.296850000000000058e+00 6.890550000000000175e+00 1.479349999999999943e+00
7.412400127320435850e+00 2.296850000000000058e+00 -6.890550000000000175e+00 -1.479349999999999943e+00
7.412400127320435850e+00 2.296850000000000058e+00 -6.890550000000000175e+00 1.479349999999999943e+00
7.412400127320435850e+00 2.296850000000000058e+00 6.890550000000000175e+00 -1.479349999999999943e+00
7.412400127320435850e+00 2.296850000000000058e+00 6.890550000000000175e+00 1.479349999999999943e+00
7.412400127320435850e+00 6.890550000000000175e+00 -2.296850000000000058e+00 -1.479349999999999943e+00
7.412400127320435850e+00 6.890550000000000175e+00 -2.296850000000000058e+00 1.479349999999999943e+00
7.412400127320435850e+00 6.890550000000000175e+00 2.296850000000000058e+00 -1.479349999999999943e+00
7.412400127320435850e+00 6.890550000000000175e+00 2.296850000000000058e+00 1.479349999999999943e+00
7.491174971257846593e+00 -4.593700000000000117e+00 -0.000000000000000000e+00 -5.917399999999999771e+00
7.491174971257846593e+00 -4.593700000000000117e+00 0.000000000000000000e+00 5.917399999999999771e+00
7.491174971257846593e+00 -0.000000000000000000e+00 -4.593700000000000117e+00 -5.917399999999999771e+00
7.491174971257846593e+00 0.000000000000000000e+00 -4.593700000000000117e+00 5.917399999999999771e+00
7.491174971257846593e+00 -0.000000000000000000e+00 4.593700000000000117e+00 -5.917399999999999771e+00
7.491174971257846593e+00 0.000000000000000000e+00 4.593700000000000117e+00 5.917399999999999771e+00
7.491174971257846593e+00 4.593700000000000117e+00 -0.000000000000000000e+00 -5.917399999999999771e+00
7.491174971257846593e+00 4.593700000000000117e+00 0.000000000000000000e+00 5.917399999999999771e+00
8.078548781031157588e+00 -2.296850000000000058e+00 -2.296850000000000058e+00 -7.396749999999999936e+00
8.078548781031157588e+00 -2.296850000000000058e+00 -2.296850000000000058e+00 7.396749999999999936e+00
8.078548781031157588e+00 -2.296850000000000058e+00 2.296850000000000058e+00 -7.396749999999999936e+00
8.078548781031157588e+00 -2.296850000000000058e+00 2.296850000000000058e+00 7.396749999999999936e+00
8.078548781031157588e+00 2.296850000000000058e+00 -2.296850000000000058e+00 -7.396749999999999936e+00
8.078548781031157588e+00 2.296850000000000058e+00 -2.296850000000000058e+00 7.396749999999999936e+00
8.078548781031157588e+00 2.296850000000000058e+00 2.296850000000000058e+00 -7.396749999999999936e+00
8.078548781031157588e+00 2.296850000000000058e+00 2.296850000000000058e+00 7.396749999999999936e+00
8.511843926406310601e+00 -6.890550000000000175e+00 -2.296850000000000058e+00 -4.438049999999999606e+00
8.511843926406310601e+00 -6.890550000000000175e+00 -2.296850000000000058e+00 4.438049999999999606e+00
8.511843926406310601e+00 -6.890550000000000175e+00 2.296850000000000058e+00 -4.438049999999999606e+00
8.511843926406310601e+00 -6.890550000000000175e+00 2.296850000000000058e+00 4.438049999999999606e+00
8.511843926406310601e+00 -2.296850000000000058e+00 -6.890550000000000175e+00 -4.438049999999999606e+00
8.511843926406310601e+00 -2.296850000000000058e+00 -6.890550000000000175e+00 4.438049999999999606e+00
8.511843926406310601e+00 -2.296850000000000058e+00 6.890550000000000175e+00 -4.438049999999999606e+00
8.511843926406310601e+00 -2.296850000000000058e+00 6.890550000000000175e+00 4.438049999999999606e+00
8.511843926406310601e+00 2.296850000000000058e+00 -6.890550000000000175e+00 -4.438049999999999606e+00
8.511843926406310601e+00 2.296850000000000058e+00 -6.890550000000000175e+00 4.438049999999999606e+00
8.511843926406310601e+00 2.296850000000000058e+00 6.890550000000000175e+00 -4.438049999999999606e+00
8.511843926406310601e+00 2.296850000000000058e+00 6.890550000000000175e+00 4.438049999999999606e+00
8.511843926406310601e+00 6.890550000000000175e+00 -2.296850000000000058e+00 -4.438049999999999606e+00
8.511843926406310601e+00 6.890550000000000175e+00 -2.296850000000000058e+00 4.438049999999999606e+00
8.511843926406310601e+00 6.890550000000000175e+00 2.296850000000000058e+00 -4.438049999999999606e+00
8.511843926406310601e+00 6.890550000000000175e+00 2.296850000000000058e+00 4.438049999999999606e+00
8.787478713487731241e+00 -4.593700000000000117e+00 -4.593700000000000117e+00 -5.917399999999999771e+00
8.787478713487731241e+00 -4.593700000000000117e+00 -4.593700000000000117e+00 5.917399999999999771e+00
8.787478713487731241e+00 -4.593700000000000117e+00 4.593700000000000117e+00 -5.917399999999999771e+00
8.787478713487731241e+00 -4.593700000000000117e+00 4.593700000000000117e+00 5.917399999999999771e+00
8.787478713487731241e+00 4.593700000000000117e+00 -4.593700000000000117e+00 -5.917399999999999771e+00
8.787478713487731241e+00 4.593700000000000117e+00 -4.593700000000000117e+00 5.917399999999999771e+00
8.787478713487731241e+00 4.593700000000000117e+00 4.593700000000000117e+00 -5.917399999999999771e+00
8.787478713487731241e+00 4.593700000000000117e+00 4.593700000000000117e+00 5.917399999999999771e+00
8.876099999999999213e+00 -0.000000000000000000e+00 -0.000000000000000000e+00 -8.876099999999999213e+00
8.876099999999999213e+00 0.000000000000000000e+00 0.000000000000000000e+00 8.876099999999999213e+00
9.187400000000000233e+00 -9.187400000000000233e+00 0.000000000000000000e+00 0.000000000000000000e+00
9.187400000000000233e+00 -0.000000000000000000e+00 -9.187400000000000233e+00 0.000000000000000000e+00
9.187400000000000233e+00 0.000000000000000000e+00 9.187400000000000233e+00 0.000000000000000000e+00
9.187400000000000233e+00 9.187400000000000233e+00 0.000000000000000000e+00 0.000000000000000000e+00
9.652058042200119203e+00 -9.187400000000000233e+00 -0.000000000000000000e+00 -2.958699999999999886e+00
9.652058042200119203e+00 -9.187400000000000233e+00 0.000000000000000000e+00 2.958699999999999886e+00
9.652058042200119203e+00 -0.000000000000000000e+00 -9.187400000000000233e+00 -2.958699999999999886e+00
9.652058042200119203e+00 -0.000000000000000000e+00 -9.187400000000000233e+00 2.958699999999999886e+00
9.652058042200119203e+00 0.000000000000000000e+00 9.187400000000000233e+00 -2.958699999999999886e+00
9.652058042200119203e+00 0.000000000000000000e+00 9.187400000000000233e+00 2.958699999999999886e+00
9.652058042200119203e+00 9.187400000000000233e+00 -0.000000000000000000e+00 -2.958699999999999886e+00
9.652058042200119203e+00 9.187400000000000233e+00 0.000000000000000000e+00 2.958699999999999886e+00
9.856360130773429873e+00 -6.890550000000000175e+00 -6.890550000000000175e+00 -1.479349999999999943e+00
9.856360130773429873e+00 -6.890550000000000175e+00 -6.890550000000000175e+00 1.479349999999999943e+00
9.856360130773429873e+00 -6.890550000000000175e+00 6.890550000000000175e+00 -1.479349999999999943e+00
9.856360130773429873e+00 -6.890550000000000175e+00 6.890550000000000175e+00 1.479349999999999943e+00
9.856360130773429873e+00 6.890550000000000175e+00 -6.890550000000000175e+00 -1.479349999999999943e+00
9.856360130773429873e+00 6.890550000000000175e+00 -6.890550000000000175e+00 1.479349999999999943e+00
9.856360130773429873e+00 6.890550000000000175e+00 6.890550000000000175e+00 -1.479349999999999943e+00
9.856360130773429873e+00 6.890550000000000175e+00 6.890550000000000175e+00 1.479349999999999943e+00
9.994359954494333564e+00 -4.593700000000000117e+00 -0.000000000000000000e+00 -8.876099999999999213e+00
9.994359954494333564e+00 -4.593700000000000117e+00 0.000000000000000000e+00 8.876099999999999213e+00
9.994359954494333564e+00 -0.000000000000000000e+00 -4.593700000000000117e+00 -8.876099999999999213e+00
9.994359954494333564e+00 0.000000000000000000e+00 -4.593700000000000117e+00 8.876099999999999213e+00
9.994359954494333564e+00 -0.000000000000000000e+00 4.593700000000000117e+00 -8.876099999999999213e+00
9.994359954494333564e+00 0.000000000000000000e+00 4.593700000000000117e+00 8.876099999999999213e+00
9.994359954494333564e+00 4.593700000000000117e+00 -0.000000000000000000e+00 -8.876099999999999213e+00
9.994359954494333564e+00 4.593700000000000117e+00 0.000000000000000000e+00 8.876099999999999213e+00
1.027182546824078457e+01 -9.187400000000000233e+00 -4.593700000000000117e+00 0.000000000000000000e+00
1.027182546824078457e+01 -9.187400000000000233e+00 4.593700000000000117e+00 0.000000000000000000e+00
1.027182546824078457e+01 -4.593700000000000117e+00 -9.187400000000000233e+00 0.000000000000000000e+00
1.027182546824078457e+01 -4.593700000000000117e+00 9.187400000000000233e+00 0.000000000000000000e+00
1.027182546824078457e+01 4.593700000000000117e+00 -9.187400000000000233e+00 0.000000000000000000e+00
1.027182546824078457e+01 4.593700000000000117e+00 9.187400000000000233e+00 0.000000000000000000e+00
1.027182546824078457e+01 9.187400000000000233e+00 -4.593700000000000117e+00 0.000000000000000000e+00
1.027182546824078457e+01 9.187400000000000233e+00 4.593700000000000117e+00 0.000000000000000000e+00
1.036663444843600246e+01 -6.890550000000000175e+00 -2.296850000000000058e+00 -7.396749999999999936e+00
1.036663444843600246e+01 -6.890550000000000175e+00 -2.296850000000000058e+00 7.396749999999999936e+00
1.036663444843600246e+01 -6.890550000000000175e+00 2.296850000000000058e+00 -7.396749999999999936e+00
1.036663444843600246e+01 -6.890550000000000175e+00 2.296850000000000058e+00 7.396749999999999936e+00
1.036663444843600246e+01 -2.296850000000000058e+00 -6.890550000000000175e+00 -7.396749999999999936e+00
1.036663444843600246e+01 -2.296850000000000058e+00 -6.890550000000000175e+00 7.396749999999999936e+00
1.036663444843600246e+01 -2.296850000000000058e+00 6.890550000000000175e+00 -7.396749999999999936e+00
1.036663444843600246e+01 -2.296850000000000058e+00 6.890550000000000175e+00 7.396749999999999936e+00
1.036663444843600246e+01 2.296850000000000058e+00 -6.890550000000000175e+00 -7.396749999999999936e+00
1.036663444843600246e+01 2.296850000000000058e+00 -6.890550000000000175e+00 7.396749999999999936e+00
1.036663444843600246e+01 2.296850000000000058e+00 6.890550000000000175e+00 -7.396749999999999936e+00
1.036663444843600246e+01 2.296850000000000058e+00 6.890550000000000175e+00 7.396749999999999936e+00
1.036663444843600246e+01 6.890550000000000175e+00 -2.296850000000000058e+00 -7.396749999999999936e+00
1.036663444843600246e+01 6.890550000000000175e+00 -2.296850000000000058e+00 7.396749999999999936e+00
1.036663444843600246e+01 6.890550000000000175e+00 2.296850000000000058e+00 -7.396749999999999936e+00
1.036663444843600246e+01 6.890550000000000175e+00 2.296850000000000058e+00 7.396749999999999936e+00
1.068944826172052665e+01 -9.187400000000000233e+00 -4.593700000000000117e+00 -2.958699999999999886e+00
1.068944826172052665e+01 -9.187400000000000233e+00 -4.593700000000000117e+00 2.958699999999999886e+00
1.068944826172052665e+01 -9.187400000000000233e+00 4.593700000000000117e+00 -2.958699999999999886e+00
1.068944826172052665e+01 -9.187400000000000233e+00 4.593700000000000117e+00 2.958699999999999886e+00
1.068944826172052665e+01 -4.593700000000000117e+00 -9.187400000000000233e+00 -2.958699999999999886e+00
1.068944826172052665e+01 -4.593700000000000117e+00 -9.187400000000000233e+00 2.958699999999999886e+00
1.068944826172052665e+01 -4.593700000000000117e+00 9.187400000000000233e+00 -2.958699999999999886e+00
1.068944826172052665e+01 -4.593700000000000117e+00 9.187400000000000233e+00 2.958699999999999886e+00
1.068944826172052665e+01 4.593700000000000117e+00 -9.187400000000000233e+00 -2.958699999999999886e+00
1.068944826172052665e+01 4.593700000000000117e+00 -9.187400000000000233e+00 2.958699999999999886e+00
1.068944826172052665e+01 4.593700000000000117e+00 9.187400000000000233e+00 -2.958699999999999886e+00
1.068944826172052665e+01 4.593700000000000117e+00 9.187400000000000233e+00 2.958699999999999886e+00
1.068944826172052665e+01 9.187400000000000233e+00 -4.593700000000000117e+00 -2.958699999999999886e+00
1.068944826172052665e+01 9.187400000000000233e+00 -4.593700000000000117e+00 2.958699999999999886e+00
1.068944826172052665e+01 9.187400000000000233e+00 4.593700000000000117e+00 -2.958699999999999886e+00
1.068944826172052665e+01 9.187400000000000233e+00 4.593700000000000117e+00 2.958699999999999886e+00
1.070773768858296293e+01 -6.890550000000000175e+00 -6.890550000000000175e+00 -4.438049999999999606e+00
1.070773768858296293e+01 -6.890550000000000175e+00 -6.890550000000000175e+00 4.438049999999999606e+00
1.070773768858296293e+01 -6.890550000000000175e+00 6.890550000000000175e+00 -4.438049999999999606e+00
1.070773768858296293e+01 -6.890550000000000175e+00 6.890550000000000175e+00 4.438049999999999606e+00
1.070773768858296293e+01 6.890550000000000175e+00 -6.890550000000000175e+00 -4.438049999999999606e+00
1.070773768858296293e+01 6.890550000000000175e+00 -6.890550000000000175e+00 4.438049999999999606e+00
1.070773768858296293e+01 6.890550000000000175e+00 6.890550000000000175e+00 -4.438049999999999606e+00
1.070773768858296293e+01 6.890550000000000175e+00 6.890550000000000175e+00 4.438049999999999606e+00
1.085294358906835832e+01 -2.296850000000000058e+00 -2.296850000000000058e+00 -1.035544999999999938e+01
1.085294358906835832e+01 -2.296850000000000058e+00 -2.296850000000000058e+00 1.035544999999999938e+01
1.085294358906835832e+01 -2.296850000000000058e+00 2.296850000000000058e+00 -1.035544999999999938e+01
1.085294358906835832e+01 -2.296850000000000058e+00 2.296850000000000058e+00 1.035544999999999938e+01
1.085294358906835832e+01 2.296850000000000058e+00 -2.296850000000000058e+00 -1.035544999999999938e+01
1.085294358906835832e+01 2.296850000000000058e+00 -2.296850000000000058e+00 1.035544999999999938e+01
1.085294358906835832e+01 2.296850000000000058e+00 2.296850000000000058e+00 -1.035544999999999938e+01
1.085294358906835832e+01 2.296850000000000058e+00 2.296850000000000058e+00 1.035544999999999938e+01
1.092812616691443495e+01 -9.187400000000000233e+00 -0.000000000000000000e+00 -5.917399999999999771e+00
1.092812616691443495e+01 -9.187400000000000233e+00 0.000000000000000000e+00 5.917399999999999771e+00
1.092812616691443495e+01 -0.000000000000000000e+00 -9.187400000000000233e+00 -5.917399999999999771e+00
1.092812616691443495e+01 -0.000000000000000000e+00 -9.187400000000000233e+00 5.917399999999999771e+00
1.092812616691443495e+01 0.000000000000000000e+00 9.187400000000000233e+00 -5.917399999999999771e+00
1.092812616691443495e+01 0.000000000000000000e+00 9.187400000000000233e+00 5.917399999999999771e+00
1.092812616691443495e+01 9.187400000000000233e+00 -0.000000000000000000e+00 -5.917399999999999771e+00
1.092812616691443495e+01 9.187400000000000233e+00 0.000000000000000000e+00 5.917399999999999771e+00
1.099951410699581622e+01 -4.593700000000000117e+00 -4.593700000000000117e+00 -8.876099999999999213e+00
1.099951410699581622e+01 -4.593700000000000117e+00 -4.593700000000000117e+00 8.876099999999999213e+00
1.099951410699581622e+01 -4.593700000000000117e+00 4.593700000000000117e+00 -8.876099999999999213e+00
1.099951410699581622e+01 -4.593700000000000117e+00 4.593700000000000117e+00 8.876099999999999213e+00
1.099951410699581622e+01 4.593700000000000117e+00 -4.593700000000000117e+00 -8.876099999999999213e+00
1.099951410699581622e+01 4.593700000000000117e+00 -4.593700000000000117e+00 8.876099999999999213e+00
1.099951410699581622e+01 4.593700000000000117e+00 4.593700000000000117e+00 -8.876099999999999213e+00
1.099951410699581622e+01 4.593700000000000117e+00 4.593700000000000117e+00 8.876099999999999213e+00
1.180474457188718596e+01 -1.148424999999999940e+01 -2.296850000000000058e+00 -1.479349999999999943e+00
1.180474457188718596e+01 -1.148424999999999940e+01 -2.296850000000000058e+00 1.479349999999999943e+00
1.180474457188718596e+01 -1.148424999999999940e+01 2.296850000000000058e+00 -1.479349999999999943e+00
1.180474457188718596e+01 -1.148424999999999940e+01 2.296850000000000058e+00 1.479349999999999943e+00
1.180474457188718596e+01 -2.296850000000000058e+00 -1.148424999999999940e+01 -1.479349999999999943e+00
1.180474457188718596e+01 -2.296850000000000058e+00 -1.148424999999999940e+01 1.479349999999999943e+00
1.180474457188718596e+01 -2.296850000000000058e+00 1.148424999999999940e+01 -1.479349999999999943e+00
1.180474457188718596e+01 -2.296850000000000058e+00 1.148424999999999940e+01 1.479349999999999943e+00
1.180474457188718596e+01 2.296850000000000058e+00 -1.148424999999999940e+01 -1.479349999999999943e+00
1.180474457188718596e+01 2.296850000000000058e+00 -1.148424999999999940e+01 1.479349999999999943e+00
1.180474457188718596e+01 2.296850000000000058e+00 1.148424999999999940e+01 -1.479349999999999943e+00
1.180474457188718596e+01 2.296850000000000058e+00 1.148424999999999940e+01 1.479349999999999943e+00
1.180474457188718596e+01 1.148424999999999940e+01 -2.296850000000000058e+00 -1.479349999999999943e+00
1.180474457188718596e+01 1.148424999999999940e+01 -2.296850000000000058e+00 1.479349999999999943e+00
1.180474457188718596e+01 1.148424999999999940e+01 2.296850000000000058e+00 -1.479349999999999943e+00
1.180474457188718596e+01 1.148424999999999940e+01 2.296850000000000058e+00 1.479349999999999943e+00
1.183479999999999954e+01 -0.000000000000000000e+00 -0.000000000000000000e+00 -1.183479999999999954e+01
1.183479999999999954e+01 0.000000000000000000e+00 0.000000000000000000e+00 1.183479999999999954e+01
1.185436717880798518e+01 -9.187400000000000233e+00 -4.593700000000000117e+00 -5.917399999999999771e+00
1.185436717880798518e+01 -9.187400000000000233e+00 -4.593700000000000117e+00 5.917399999999999771e+00
1.185436717880798518e+01 -9.187400000000000233e+00 4.593700000000000117e+00 -5.917399999999999771e+00
1.185436717880798518e+01 -9.187400000000000233e+00 4.593700000000000117e+00 5.917399999999999771e+00
1.185436717880798518e+01 -4.593700000000000117e+00 -9.187400000000000233e+00 -5.917399999999999771e+00
1.185436717880798518e+01 -4.593700000000000117e+00 -9.187400000000000233e+00 5.917399999999999771e+00
1.185436717880798518e+01 -4.593700000000000117e+00 9.187400000000000233e+00 -5.917399999999999771e+00
1.185436717880798518e+01 -4.593700000000000117e+00 9.187400000000000233e+00 5.917399999999999771e+00
1.185436717880798518e+01 4.593700000000000117e+00 -9.187400000000000233e+00 -5.917399999999999771e+00
1.185436717880798518e+01 4.593700000000000117e+00 -9.187400000000000233e+00 5.917399999999999771e+00
1.185436717880798518e+01 4.593700000000000117e+00 9.187400000000000233e+00 -5.917399999999999771e+00
1.185436717880798518e+01 4.593700000000000117e+00 9.187400000000000233e+00 5.917399999999999771e+00
1.185436717880798518e+01 9.187400000000000233e+00 -4.593700000000000117e+00 -5.917399999999999771e+00
1.185436717880798518e+01 9.187400000000000233e+00 -4.593700000000000117e+00 5.917399999999999771e+00
1.185436717880798518e+01 9.187400000000000233e+00 4.593700000000000117e+00 -5.917399999999999771e+00
1.185436717880798518e+01 9.187400000000000233e+00 4.593700000000000117e+00 5.917399999999999771e+00
1.223402097298758129e+01 -6.890550000000000175e+00 -6.890550000000000175e+00 -7.396749999999999936e+00
1.223402097298758129e+01 -6.890550000000000175e+00 -6.890550000000000175e+00 7.396749999999999936e+00
1.223402097298758129e+01 -6.890550000000000175e+00 6.890550000000000175e+00 -7.396749999999999936e+00
1.223402097298758129e+01 -6.890550000000000175e+00 6.890550000000000175e+00 7.396749999999999936e+00
1.223402097298758129e+01 6.890550000000000175e+00 -6.890550000000000175e+00 -7.396749999999999936e+00
1.223402097298758129e+01 6.890550000000000175e+00 -6.890550000000000175e+00 7.396749999999999936e+00
1.223402097298758129e+01 6.890550000000000175e+00 6.890550000000000175e+00 -7.396749999999999936e+00
1.223402097298758129e+01 6.890550000000000175e+00 6.890550000000000175e+00 7.396749999999999936e+00
1.252436847859004665e+01 -1.148424999999999940e+01 -2.296850000000000058e+00 -4.438049999999999606e+00
1.252436847859004665e+01 -1.148424999999999940e+01 -2.296850000000000058e+00 4.438049999999999606e+00
1.252436847859004665e+01 -1.148424999999999940e+01 2.296850000000000058e+00 -4.438049999999999606e+00
1.252436847859004665e+01 -1.148424999999999940e+01 2.296850000000000058e+00 4.438049999999999606e+00
1.252436847859004665e+01 -2.296850000000000058e+00 -1.148424999999999940e+01 -4.438049999999999606e+00
1.252436847859004665e+01 -2.296850000000000058e+00 -1.148424999999999940e+01 4.438049999999999606e+00
1.252436847859004665e+01 -2.296850000000000058e+00 1.148424999999999940e+01 -4.438049999999999606e+00
1.252436847859004665e+01 -2.296850000000000058e+00 1.148424999999999940e+01 4.438049999999999606e+00
1.252436847859004665e+01 2.296850000000000058e+00 -1.148424999999999940e+01 -4.438049999999999606e+00
1.252436847859004665e+01 2.296850000000000058e+00 -1.148424999999999940e+01 4.438049999999999606e+00
1.252436847859004665e+01 2.296850000000000058e+00 1.148424999999999940e+01 -4.438049999999999606e+00
1.252436847859004665e+01 2.296850000000000058e+00 1.148424999999999940e+01 4.438049999999999606e+00
1.252436847859004665e+01 1.148424999999999940e+01 -2.296850000000000058e+00 -4.438049999999999606e+00
1.252436847859004665e+01 1.148424999999999940e+01 -2.296850000000000058e+00 4.438049999999999606e+00
1.252436847859004665e+01 1.148424999999999940e+01 2.296850000000000058e+00 -4.438049999999999606e+00
1.252436847859004665e+01 1.148424999999999940e+01 2.296850000000000058e+00 4.438049999999999606e+00
1.264873685106540613e+01 -6.890550000000000175e+00 -2.296850000000000058e+00 -1.035544999999999938e+01
1.264873685106540613e+01 -6.890550000000000175e+00 -2.296850000000000058e+00 1.035544999999999938e+01
1.264873685106540613e+01 -6.890550000000000175e+00 2.296850000000000058e+00 -1.035544999999999938e+01
1.264873685106540613e+01 -6.890550000000000175e+00 2.296850000000000058e+00 1.035544999999999938e+01
1.264873685106540613e+01 -2.296850000000000058e+00 -6.890550000000000175e+00 -1.035544999999999938e+01
1.264873685106540613e+01 -2.296850000000000058e+00 -6.890550000000000175e+00 1.035544999999999938e+01
1.264873685106540613e+01 -2.296850000000000058e+00 6.890550000000000175e+00 -1.035544999999999938e+01
1.264873685106540613e+01 -2.296850000000000058e+00 6.890550000000000175e+00 1.035544999999999938e+01
1.264873685106540613e+01 2.296850000000000058e+00 -6.890550000000000175e+00 -1.035544999999999938e+01
1.264873685106540613e+01 2.296850000000000058e+00 -6.890550000000000175e+00 1.035544999999999938e+01
1.264873685106540613e+01 2.296850000000000058e+00 6.890550000000000175e+00 -1.035544999999999938e+01
1.264873685106540613e+01 2.296850000000000058e+00 6.890550000000000175e+00 1.035544999999999938e+01
1.264873685106540613e+01 6.890550000000000175e+00 -2.296850000000000058e+00 -1.035544999999999938e+01
1.264873685106540613e+01 6.890550000000000175e+00 -2.296850000000000058e+00 1.035544999999999938e+01
1.264873685106540613e+01 6.890550000000000175e+00 2.296850000000000058e+00 -1.035544999999999938e+01
1.264873685106540613e+01 6.890550000000000175e+00 2.296850000000000058e+00 1.035544999999999938e+01
1.269506087933413596e+01 -4.593700000000000117e+00 -0.000000000000000000e+00 -1.183479999999999954e+01
1.269506087933413596e+01 -4.593700000000000117e+00 0.000000000000000000e+00 1.183479999999999954e+01
1.269506087933413596e+01 -0.000000000000000000e+00 -4.593700000000000117e+00 -1.183479999999999954e+01
1.269506087933413596e+01 0.000000000000000000e+00 -4.593700000000000117e+00 1.183479999999999954e+01
1.269506087933413596e+01 -0.000000000000000000e+00 4.593700000000000117e+00 -1.183479999999999954e+01
1.269506087933413596e+01 0.000000000000000000e+00 4.593700000000000117e+00 1.183479999999999954e+01
1.269506087933413596e+01 4.593700000000000117e+00 -0.000000000000000000e+00 -1.183479999999999954e+01
1.269506087933413596e+01 4.593700000000000117e+00 0.000000000000000000e+00 1.183479999999999954e+01
1.277471995661744231e+01 -9.187400000000000233e+00 -0.000000000000000000e+00 -8.876099999999999213e+00
1.277471995661744231e+01 -9.187400000000000233e+00 0.000000000000000000e+00 8.876099999999999213e+00
1.277471995661744231e+01 -0.000000000000000000e+00 -9.187400000000000233e+00 -8.876099999999999213e+00
1.277471995661744231e+01 -0.000000000000000000e+00 -9.187400000000000233e+00 8.876099999999999213e+00
1.277471995661744231e+01 0.000000000000000000e+00 9.187400000000000233e+00 -8.876099999999999213e+00
1.277471995661744231e+01 0.000000000000000000e+00 9.187400000000000233e+00 8.876099999999999213e+00
1.277471995661744231e+01 9.187400000000000233e+00 -0.000000000000000000e+00 -8.876099999999999213e+00
1.277471995661744231e+01 9.187400000000000233e+00 0.000000000000000000e+00 8.876099999999999213e+00
1.299294568294657282e+01 -9.187400000000000233e+00 -9.187400000000000233e+00 0.000000000000000000e+00
1.299294568294657282e+01 -9.187400000000000233e+00 9.187400000000000233e+00 0.000000000000000000e+00
1.299294568294657282e+01 9.187400000000000233e+00 -9.187400000000000233e+00 0.000000000000000000e+00
1.299294568294657282e+01 9.187400000000000233e+00 9.187400000000000233e+00 0.000000000000000000e+00
1.332555977098148148e+01 -9.187400000000000233e+00 -9.187400000000000233e+00 -2.958699999999999886e+00
1.332555977098148148e+01 -9.187400000000000233e+00 -9.187400000000000233e+00 2.958699999999999886e+00
1.332555977098148148e+01 -9.187400000000000233e+00 9.187400000000000233e+00 -2.958699999999999886e+00
1.332555977098148148e+01 -9.187400000000000233e+00 9.187400000000000233e+00 2.958699999999999886e+00
1.332555977098148148e+01 9.187400000000000233e+00 -9.187400000000000233e+00 -2.958699999999999886e+00
1.332555977098148148e+01 9.187400000000000233e+00 -9.187400000000000233e+00 2.958699999999999886e+00
1.332555977098148148e+01 9.187400000000000233e+00 9.187400000000000233e+00 -2.958699999999999886e+00
1.332555977098148148e+01 9.187400000000000233e+00 9.187400000000000233e+00 2.958699999999999886e+00
1.347427748665953473e+01 -1.148424999999999940e+01 -6.890550000000000175e+00 -1.479349999999999943e+00
1.347427748665953473e+01 -1.148424999999999940e+01 -6.890550000000000175e+00 1.479349999999999943e+00
1.347427748665953473e+01 -1.148424999999999940e+01 6.890550000000000175e+00 -1.479349999999999943e+00
1.347427748665953473e+01 -1.148424999999999940e+01 6.890550000000000175e+00 1.479349999999999943e+00
1.347427748665953473e+01 -6.890550000000000175e+00 -1.148424999999999940e+01 -1.479349999999999943e+00
1.347427748665953473e+01 -6.890550000000000175e+00 -1.148424999999999940e+01 1.479349999999999943e+00
1.347427748665953473e+01 -6.890550000000000175e+00 1.148424999999999940e+01 -1.479349999999999943e+00
1.347427748665953473e+01 -6.890550000000000175e+00 1.148424999999999940e+01 1.479349999999999943e+00
1.347427748665953473e+01 6.890550000000000175e+00 -1.148424999999999940e+01 -1.479349999999999943e+00
1.347427748665953473e+01 6.890550000000000175e+00 -1.148424999999999940e+01 1.479349999999999943e+00
1.347427748665953473e+01 6.890550000000000175e+00 1.148424999999999940e+01 -1.479349999999999943e+00
1.347427748665953473e+01 6.890550000000000175e+00 1.148424999999999940e+01 1.479349999999999943e+00
1.347427748665953473e+01 1.148424999999999940e+01 -6.890550000000000175e+00 -1.479349999999999943e+00
1.347427748665953473e+01 1.148424999999999940e+01 -6.890550000000000175e+00 1.479349999999999943e+00
1.347427748665953473e+01 1.148424999999999940e+01 6.890550000000000175e+00 -1.479349999999999943e+00
1.347427748665953473e+01 1.148424999999999940e+01 6.890550000000000175e+00 1.479349999999999943e+00
1.350061666813779304e+01 -4.593700000000000117e+00 -4.593700000000000117e+00 -1.183479999999999954e+01
1.350061666813779304e+01 -4.593700000000000117e+00 -4.593700000000000117e+00 1.183479999999999954e+01
1.350061666813779304e+01 -4.593700000000000117e+00 4.593700000000000117e+00 -1.183479999999999954e+01
1.350061666813779304e+01 -4.593700000000000117e+00 4.593700000000000117e+00 1.183479999999999954e+01
1.350061666813779304e+01 4.593700000000000117e+00 -4.593700000000000117e+00 -1.183479999999999954e+01
1.350061666813779304e+01 4.593700000000000117e+00 -4.593700000000000117e+00 1.183479999999999954e+01
1.350061666813779304e+01 4.593700000000000117e+00 4.593700000000000117e+00 -1.183479999999999954e+01
1.350061666813779304e+01 4.593700000000000117e+00 4.593700000000000117e+00 1.183479999999999954e+01
1.357554970010422757e+01 -9.187400000000000233e+00 -4.593700000000000117e+00 -8.876099999999999213e+00
1.357554970010422757e+01 -9.187400000000000233e+00 -4.593700000000000117e+00 8.876099999999999213e+00
1.357554970010422757e+01 -9.187400000000000233e+00 4.593700000000000117e+00 -8.876099999999999213e+00
1.357554970010422757e+01 -9.187400000000000233e+00 4.593700000000000117e+00 8.876099999999999213e+00
1.357554970010422757e+01 -4.593700000000000117e+00 -9.187400000000000233e+00 -8.876099999999999213e+00
1.357554970010422757e+01 -4.593700000000000117e+00 -9.187400000000000233e+00 8.876099999999999213e+00
1.357554970010422757e+01 -4.593700000000000117e+00 9.187400000000000233e+00 -8.876099999999999213e+00
1.357554970010422757e+01 -4.593700000000000117e+00 9.187400000000000233e+00 8.876099999999999213e+00
1.357554970010422757e+01 4.593700000000000117e+00 -9.187400000000000233e+00 -8.876099999999999213e+00
1.357554970010422757e+01 4.593700000000000117e+00 -9.187400000000000233e+00 8.876099999999999213e+00
1.357554970010422757e+01 4.593700000000000117e+00 9.187400000000000233e+00 -8.876099999999999213e+00
1.357554970010422757e+01 4.593700000000000117e+00 9.187400000000000233e+00 8.876099999999999213e+00
1.357554970010422757e+01 9.187400000000000233e+00 -4.593700000000000117e+00 -8.876099999999999213e+00
1.357554970010422757e+01 9.187400000000000233e+00 -4.593700000000000117e+00 8.876099999999999213e+00
1.357554970010422757e+01 9.187400000000000233e+00 4.593700000000000117e+00 -8.876099999999999213e+00
1.357554970010422757e+01 9.187400000000000233e+00 4.593700000000000117e+00 8.876099999999999213e+00
1.370465724005894259e+01 -2.296850000000000058e+00 -2.296850000000000058e+00 -1.331414999999999971e+01
1.370465724005894259e+01 -2.296850000000000058e+00 -2.296850000000000058e+00 1.331414999999999971e+01
1.370465724005894259e+01 -2.296850000000000058e+00 2.296850000000000058e+00 -1.331414999999999971e+01
1.370465724005894259e+01 -2.296850000000000058e+00 2.296850000000000058e+00 1.331414999999999971e+01
1.370465724005894259e+01 2.296850000000000058e+00 -2.296850000000000058e+00 -1.331414999999999971e+01
1.370465724005894259e+01 2.296850000000000058e+00 -2.296850000000000058e+00 1.331414999999999971e+01
1.370465724005894259e+01 2.296850000000000058e+00 2.296850000000000058e+00 -1.331414999999999971e+01
1.370465724005894259e+01 2.296850000000000058e+00 2.296850000000000058e+00 1.331414999999999971e+01
1.378110000000000035e+01 -1.378110000000000035e+01 0.000000000000000000e+00 0.000000000000000000e+00
1.378110000000000035e+01 -0.000000000000000000e+00 -1.378110000000000035e+01 0.000000000000000000e+00
1.378110000000000035e+01 0.000000000000000000e+00 1.378110000000000035e+01 0.000000000000000000e+00
1.378110000000000035e+01 1.378110000000000035e+01 0.000000000000000000e+00 0.000000000000000000e+00
1.385191064609860945e+01 -1.148424999999999940e+01 -2.296850000000000058e+00 -7.396749999999999936e+00
1.385191064609860945e+01 -1.148424999999999940e+01 -2.296850000000000058e+00 7.396749999999999936e+00
1.385191064609860945e+01 -1.148424999999999940e+01 2.296850000000000058e+00 -7.396749999999999936e+00
1.385191064609860945e+01 -1.148424999999999940e+01 2.296850000000000058e+00 7.396749999999999936e+00
1.385191064609860945e+01 -2.296850000000000058e+00 -1.148424999999999940e+01 -7.396749999999999936e+00
1.385191064609860945e+01 -2.296850000000000058e+00 -1.148424999999999940e+01 7.396749999999999936e+00
1.385191064609860945e+01 -2.296850000000000058e+00 1.148424999999999940e+01 -7.396749999999999936e+00
1.385191064609860945e+01 -2.296850000000000058e+00 1.148424999999999940e+01 7.396749999999999936e+00
1.385191064609860945e+01 2.296850000000000058e+00 -1.148424999999999940e+01 -7.396749999999999936e+00
1.385191064609860945e+01 2.296850000000000058e+00 -1.148424999999999940e+01 7.396749999999999936e+00
1.385191064609860945e+01 2.296850000000000058e+00 1.148424999999999940e+01 -7.396749999999999936e+00
1.385191064609860945e+01 2.296850000000000058e+00 1.148424999999999940e+01 7.396749999999999936e+00
1.385191064609860945e+01 1.148424999999999940e+01 -2.296850000000000058e+00 -7.396749999999999936e+00
1.385191064609860945e+01 1.148424999999999940e+01 -2.296850000000000058e+00 7.396749999999999936e+00
1.385191064609860945e+01 1.148424999999999940e+01 2.296850000000000058e+00 -7.396749999999999936e+00
1.385191064609860945e+01 1.148424999999999940e+01 2.296850000000000058e+00 7.396749999999999936e+00
1.409512762978753742e+01 -1.378110000000000035e+01 -0.000000000000000000e+00 -2.958699999999999886e+00
1.409512762978753742e+01 -1.378110000000000035e+01 0.000000000000000000e+00 2.958699999999999886e+00
1.409512762978753742e+01 -0.000000000000000000e+00 -1.378110000000000035e+01 -2.958699999999999886e+00
1.409512762978753742e+01 -0.000000000000000000e+00 -1.378110000000000035e+01 2.958699999999999886e+00
1.409512762978753742e+01 0.000000000000000000e+00 1.378110000000000035e+01 -2.958699999999999886e+00
1.409512762978753742e+01 0.000000000000000000e+00 1.378110000000000035e+01 2.958699999999999886e+00
1.409512762978753742e+01 1.378110000000000035e+01 -0.000000000000000000e+00 -2.958699999999999886e+00
1.409512762978753742e+01 1.378110000000000035e+01 0.000000000000000000e+00 2.958699999999999886e+00
1.410900298275891451e+01 -1.148424999999999940e+01 -6.890550000000000175e+00 -4.438049999999999606e+00
1.410900298275891451e+01 -1.148424999999999940e+01 -6.890550000000000175e+00 4.438049999999999606e+00
1.410900298275891451e+01 -1.148424999999999940e+01 6.890550000000000175e+00 -4.438049999999999606e+00
1.410900298275891451e+01 -1.148424999999999940e+01 6.890550000000000175e+00 4.438049999999999606e+00
1.410900298275891451e+01 -6.890550000000000175e+00 -1.148424999999999940e+01 -4.438049999999999606e+00
1.410900298275891451e+01 -6.890550000000000175e+00 -1.148424999999999940e+01 4.438049999999999606e+00
1.410900298275891451e+01 -6.890550000000000175e+00 1.148424999999999940e+01 -4.438049999999999606e+00
1.410900298275891451e+01 -6.890550000000000175e+00 1.148424999999999940e+01 4.438049999999999606e+00
1.410900298275891451e+01 6.890550000000000175e+00 -1.148424999999999940e+01 -4.438049999999999606e+00
1.410900298275891451e+01 6.890550000000000175e+00 -1.148424999999999940e+01 4.438049999999999606e+00
1.410900298275891451e+01 6.890550000000000175e+00 1.148424999999999940e+01 -4.438049999999999606e+00
1.410900298275891451e+01 6.890550000000000175e+00 1.148424999999999940e+01 4.438049999999999606e+00
1.410900298275891451e+01 1.148424999999999940e+01 -6.890550000000000175e+00 -4.438049999999999606e+00
1.410900298275891451e+01 1.148424999999999940e+01 -6.890550000000000175e+00 4.438049999999999606e+00
1.410900298275891451e+01 1.148424999999999940e+01 6.890550000000000175e+00 -4.438049999999999606e+00
1.410900298275891451e+01 1.148424999999999940e+01 6.890550000000000175e+00 4.438049999999999606e+00
1.421951839224873382e+01 -6.890550000000000175e+00 -6.890550000000000175e+00 -1.035544999999999938e+01
1.421951839224873382e+01 -6.890550000000000175e+00 -6.890550000000000175e+00 1.035544999999999938e+01
1.421951839224873382e+01 -6.890550000000000175e+00 6.890550000000000175e+00 -1.035544999999999938e+01
1.421951839224873382e+01 -6.890550000000000175e+00 6.890550000000000175e+00 1.035544999999999938e+01
1.421951839224873382e+01 6.890550000000000175e+00 -6.890550000000000175e+00 -1.035544999999999938e+01
1.421951839224873382e+01 6.890550000000000175e+00 -6.890550000000000175e+00 1.035544999999999938e+01
1.421951839224873382e+01 6.890550000000000175e+00 6.890550000000000175e+00 -1.035544999999999938e+01
1.421951839224873382e+01 6.890550000000000175e+00 6.890550000000000175e+00 1.035544999999999938e+01
1.427698358477728391e+01 -9.187400000000000233e+00 -9.187400000000000233e+00 -5.917399999999999771e+00
1.427698358477728391e+01 -9.187400000000000233e+00 -9.187400000000000233e+00 5.917399999999999771e+00
1.427698358477728391e+01 -9.187400000000000233e+00 9.187400000000000233e+00 -5.917399999999999771e+00
1.427698358477728391e+01 -9.187400000000000233e+00 9.187400000000000233e+00 5.917399999999999771e+00
1.427698358477728391e+01 9.187400000000000233e+00 -9.187400000000000233e+00 -5.917399999999999771e+00
1.427698358477728391e+01 9.187400000000000233e+00 -9.187400000000000233e+00 5.917399999999999771e+00
1.427698358477728391e+01 9.187400000000000233e+00 9.187400000000000233e+00 -5.917399999999999771e+00
1.427698358477728391e+01 9.187400000000000233e+00 9.187400000000000233e+00 5.917399999999999771e+00
1.452655488751548418e+01 -1.378110000000000035e+01 -4.593700000000000117e+00 0.000000000000000000e+00
1.452655488751548418e+01 -1.378110000000000035e+01 4.593700000000000117e+00 0.000000000000000000e+00
1.452655488751548418e+01 -4.593700000000000117e+00 -1.378110000000000035e+01 0.000000000000000000e+00
1.452655488751548418e+01 -4.593700000000000117e+00 1.378110000000000035e+01 0.000000000000000000e+00
1.452655488751548418e+01 4.593700000000000117e+00 -1.378110000000000035e+01 0.000000000000000000e+00
1.452655488751548418e+01 4.593700000000000117e+00 1.378110000000000035e+01 0.000000000000000000e+00
1.452655488751548418e+01 1.378110000000000035e+01 -4.593700000000000117e+00 0.000000000000000000e+00
1.452655488751548418e+01 1.378110000000000035e+01 4.593700000000000117e+00 0.000000000000000000e+00
1.479349999999999987e+01 -0.000000000000000000e+00 -0.000000000000000000e+00 -1.479349999999999987e+01
1.479349999999999987e+01 0.000000000000000000e+00 0.000000000000000000e+00 1.479349999999999987e+01
1.482480025464087170e+01 -1.378110000000000035e+01 -4.593700000000000117e+00 -2.958699999999999886e+00
1.482480025464087170e+01 -1.378110000000000035e+01 -4.593700000000000117e+00 2.958699999999999886e+00
1.482480025464087170e+01 -1.378110000000000035e+01 4.593700000000000117e+00 -2.958699999999999886e+00
1.482480025464087170e+01 -1.378110000000000035e+01 4.593700000000000117e+00 2.958699999999999886e+00
1.482480025464087170e+01 -4.593700000000000117e+00 -1.378110000000000035e+01 -2.958699999999999886e+00
1.482480025464087170e+01 -4.593700000000000117e+00 -1.378110000000000035e+01 2.958699999999999886e+00
1.482480025464087170e+01 -4.593700000000000117e+00 1.378110000000000035e+01 -2.958699999999999886e+00
1.482480025464087170e+01 -4.593700000000000117e+00 1.378110000000000035e+01 2.958699999999999886e+00
1.482480025464087170e+01 4.593700000000000117e+00 -1.378110000000000035e+01 -2.958699999999999886e+00
1.482480025464087170e+01 4.593700000000000117e+00 -1.378110000000000035e+01 2.958699999999999886e+00
1.482480025464087170e+01 4.593700000000000117e+00 1.378110000000000035e+01 -2.958699999999999886e+00
1.482480025464087170e+01 4.593700000000000117e+00 1.378110000000000035e+01 2.958699999999999886e+00
1.482480025464087170e+01 1.378110000000000035e+01 -4.593700000000000117e+00 -2.958699999999999886e+00
1.482480025464087170e+01 1.378110000000000035e+01 -4.593700000000000117e+00 2.958699999999999886e+00
1.482480025464087170e+01 1.378110000000000035e+01 4.593700000000000117e+00 -2.958699999999999886e+00
1.482480025464087170e+01 1.378110000000000035e+01 4.593700000000000117e+00 2.958699999999999886e+00
1.498234994251569319e+01 -9.187400000000000233e+00 -0.000000000000000000e+00 -1.183479999999999954e+01
1.498234994251569319e+01 -9.187400000000000233e+00 0.000000000000000000e+00 1.183479999999999954e+01
1.498234994251569319e+01 -0.000000000000000000e+00 -9.187400000000000233e+00 -1.183479999999999954e+01
1.498234994251569319e+01 0.000000000000000000e+00 -9.187400000000000233e+00 1.183479999999999954e+01
1.498234994251569319e+01 -0.000000000000000000e+00 9.187400000000000233e+00 -1.183479999999999954e+01
1.498234994251569319e+01 0.000000000000000000e+00 9.187400000000000233e+00 1.183479999999999954e+01
1.498234994251569319e+01 9.187400000000000233e+00 -0.000000000000000000e+00 -1.183479999999999954e+01
1.498234994251569319e+01 9.187400000000000233e+00 0.000000000000000000e+00 1.183479999999999954e+01
1.499781117263449204e+01 -1.378110000000000035e+01 -0.000000000000000000e+00 -5.917399999999999771e+00
1.499781117263449204e+01 -1.378110000000000035e+01 0.000000000000000000e+00 5.917399999999999771e+00
1.499781117263449204e+01 -0.000000000000000000e+00 -1.378110000000000035e+01 -5.917399999999999771e+00
1.499781117263449204e+01 -0.000000000000000000e+00 -1.378110000000000035e+01 5.917399999999999771e+00
1.499781117263449204e+01 0.000000000000000000e+00 1.378110000000000035e+01 -5.917399999999999771e+00
1.499781117263449204e+01 0.000000000000000000e+00 1.378110000000000035e+01 5.917399999999999771e+00
1.499781117263449204e+01 1.378110000000000035e+01 -0.000000000000000000e+00 -5.917399999999999771e+00
1.499781117263449204e+01 1.378110000000000035e+01 0.000000000000000000e+00 5.917399999999999771e+00
1.516646924790011930e+01 -6.890550000000000175e+00 -2.296850000000000058e+00 -1.331414999999999971e+01
1.516646924790011930e+01 -6.890550000000000175e+00 -2.296850000000000058e+00 1.331414999999999971e+01
1.516646924790011930e+01 -6.890550000000000175e+00 2.296850000000000058e+00 -1.331414999999999971e+01
1.516646924790011930e+01 -6.890550000000000175e+00 2.296850000000000058e+00 1.331414999999999971e+01
1.516646924790011930e+01 -2.296850000000000058e+00 -6.890550000000000175e+00 -1.331414999999999971e+01
1.516646924790011930e+01 -2.296850000000000058e+00 -6.890550000000000175e+00 1.331414999999999971e+01
1.516646924790011930e+01 -2.296850000000000058e+00 6.890550000000000175e+00 -1.331414999999999971e+01
1.516646924790011930e+01 -2.296850000000000058e+00 6.890550000000000175e+00 1.331414999999999971e+01
1.516646924790011930e+01 2.296850000000000058e+00 -6.890550000000000175e+00 -1.331414999999999971e+01
1.516646924790011930e+01 2.296850000000000058e+00 -6.890550000000000175e+00 1.331414999999999971e+01
1.516646924790011930e+01 2.296850000000000058e+00 6.890550000000000175e+00 -1.331414999999999971e+01
1.516646924790011930e+01 2.296850000000000058e+00 6.890550000000000175e+00 1.331414999999999971e+01
1.516646924790011930e+01 6.890550000000000175e+00 -2.296850000000000058e+00 -1.331414999999999971e+01
1.516646924790011930e+01 6.890550000000000175e+00 -2.296850000000000058e+00 1.331414999999999971e+01
1.516646924790011930e+01 6.890550000000000175e+00 2.296850000000000058e+00 -1.331414999999999971e+01
1.516646924790011930e+01 6.890550000000000175e+00 2.296850000000000058e+00 1.331414999999999971e+01
1.529965973240908284e+01 -1.148424999999999940e+01 -6.890550000000000175e+00 -7.396749999999999936e+00
1.529965973240908284e+01 -1.148424999999999940e+01 -6.890550000000000175e+00 7.396749999999999936e+00
1.529965973240908284e+01 -1.148424999999999940e+01 6.890550000000000175e+00 -7.396749999999999936e+00
1.529965973240908284e+01 -1.148424999999999940e+01 6.890550000000000175e+00 7.396749999999999936e+00
1.529965973240908284e+01 -6.890550000000000175e+00 -1.148424999999999940e+01 -7.396749999999999936e+00
1.529965973240908284e+01 -6.890550000000000175e+00 -1.148424999999999940e+01 7.396749999999999936e+00
1.529965973240908284e+01 -6.890550000000000175e+00 1.148424999999999940e+01 -7.396749999999999936e+00
1.529965973240908284e+01 -6.890550000000000175e+00 1.148424999999999940e+01 7.396749999999999936e+00
1.529965973240908284e+01 6.890550000000000175e+00 -1.148424999999999940e+01 -7.396749999999999936e+00
1.529965973240908284e+01 6.890550000000000175e+00 -1.148424999999999940e+01 7.396749999999999936e+00
1.529965973240908284e+01 6.890550000000000175e+00 1.148424999999999940e+01 -7.396749999999999936e+00
1.529965973240908284e+01 6.890550000000000175e+00 1.148424999999999940e+01 7.396749999999999936e+00
1.529965973240908284e+01 1.148424999999999940e+01 -6.890550000000000175e+00 -7.396749999999999936e+00
1.529965973240908284e+01 1.148424999999999940e+01 -6.890550000000000175e+00 7.396749999999999936e+00
1.529965973240908284e+01 1.148424999999999940e+01 6.890550000000000175e+00 -7.396749999999999936e+00
1.529965973240908284e+01 1.148424999999999940e+01 6.890550000000000175e+00 7.396749999999999936e+00
1.549031058242539061e+01 -4.593700000000000117e+00 -0.000000000000000000e+00 -1.479349999999999987e+01
1.549031058242539061e+01 -4.593700000000000117e+00 0.000000000000000000e+00 1.479349999999999987e+01
1.549031058242539061e+01 -0.000000000000000000e+00 -4.593700000000000117e+00 -1.479349999999999987e+01
1.549031058242539061e+01 0.000000000000000000e+00 -4.593700000000000117e+00 1.479349999999999987e+01
1.549031058242539061e+01 -0.000000000000000000e+00 4.593700000000000117e+00 -1.479349999999999987e+01
1.549031058242539061e+01 0.000000000000000000e+00 4.593700000000000117e+00 1.479349999999999987e+01
1.549031058242539061e+01 4.593700000000000117e+00 -0.000000000000000000e+00 -1.479349999999999987e+01
1.549031058242539061e+01 4.593700000000000117e+00 0.000000000000000000e+00 1.479349999999999987e+01
1.563326142196502566e+01 -1.148424999999999940e+01 -2.296850000000000058e+00 -1.035544999999999938e+01
1.563326142196502566e+01 -1.148424999999999940e+01 -2.296850000000000058e+00 1.035544999999999938e+01
1.563326142196502566e+01 -1.148424999999999940e+01 2.296850000000000058e+00 -1.035544999999999938e+01
1.563326142196502566e+01 -1.148424999999999940e+01 2.296850000000000058e+00 1.035544999999999938e+01
1.563326142196502566e+01 -2.296850000000000058e+00 -1.148424999999999940e+01 -1.035544999999999938e+01
1.563326142196502566e+01 -2.296850000000000058e+00 -1.148424999999999940e+01 1.035544999999999938e+01
1.563326142196502566e+01 -2.296850000000000058e+00 1.148424999999999940e+01 -1.035544999999999938e+01
1.563326142196502566e+01 -2.296850000000000058e+00 1.148424999999999940e+01 1.035544999999999938e+01
1.563326142196502566e+01 2.296850000000000058e+00 -1.148424999999999940e+01 -1.035544999999999938e+01
1.563326142196502566e+01 2.296850000000000058e+00 -1.148424999999999940e+01 1.035544999999999938e+01
1.563326142196502566e+01 2.296850000000000058e+00 1.148424999999999940e+01 -1.035544999999999938e+01
1.563326142196502566e+01 2.296850000000000058e+00 1.148424999999999940e+01 1.035544999999999938e+01
1.563326142196502566e+01 1.148424999999999940e+01 -2.296850000000000058e+00 -1.035544999999999938e+01
1.563326142196502566e+01 1.148424999999999940e+01 -2.296850000000000058e+00 1.035544999999999938e+01
1.563326142196502566e+01 1.148424999999999940e+01 2.296850000000000058e+00 -1.035544999999999938e+01
1.563326142196502566e+01 1.148424999999999940e+01 2.296850000000000058e+00 1.035544999999999938e+01
1.567076544046269682e+01 -9.187400000000000233e+00 -4.593700000000000117e+00 -1.183479999999999954e+01
1.567076544046269682e+01 -9.187400000000000233e+00 -4.593700000000000117e+00 1.183479999999999954e+01
1.567076544046269682e+01 -9.187400000000000233e+00 4.593700000000000117e+00 -1.183479999999999954e+01
1.567076544046269682e+01 -9.187400000000000233e+00 4.593700000000000117e+00 1.183479999999999954e+01
1.567076544046269682e+01 -4.593700000000000117e+00 -9.187400000000000233e+00 -1.183479999999999954e+01
1.567076544046269682e+01 -4.593700000000000117e+00 -9.187400000000000233e+00 1.183479999999999954e+01
1.567076544046269682e+01 -4.593700000000000117e+00 9.187400000000000233e+00 -1.183479999999999954e+01
1.567076544046269682e+01 -4.593700000000000117e+00 9.187400000000000233e+00 1.183479999999999954e+01
1.567076544046269682e+01 4.593700000000000117e+00 -9.187400000000000233e+00 -1.183479999999999954e+01
1.567076544046269682e+01 4.593700000000000117e+00 -9.187400000000000233e+00 1.183479999999999954e+01
1.567076544046269682e+01 4.593700000000000117e+00 9.187400000000000233e+00 -1.183479999999999954e+01
1.567076544046269682e+01 4.593700000000000117e+00 9.187400000000000233e+00 1.183479999999999954e+01
1.567076544046269682e+01 9.187400000000000233e+00 -4.593700000000000117e+00 -1.183479999999999954e+01
1.567076544046269682e+01 9.187400000000000233e+00 -4.593700000000000117e+00 1.183479999999999954e+01
1.567076544046269682e+01 9.187400000000000233e+00 4.593700000000000117e+00 -1.183479999999999954e+01
1.567076544046269682e+01 9.187400000000000233e+00 4.593700000000000117e+00 1.183479999999999954e+01
1.568554811474562527e+01 -1.378110000000000035e+01 -4.593700000000000117e+00 -5.917399999999999771e+00
1.568554811474562527e+01 -1.378110000000000035e+01 -4.593700000000000117e+00 5.917399999999999771e+00
1.568554811474562527e+01 -1.378110000000000035e+01 4.593700000000000117e+00 -5.917399999999999771e+00
1.568554811474562527e+01 -1.378110000000000035e+01 4.593700000000000117e+00 5.917399999999999771e+00
1.568554811474562527e+01 -4.593700000000000117e+00 -1.378110000000000035e+01 -5.917399999999999771e+00
1.568554811474562527e+01 -4.593700000000000117e+00 -1.378110000000000035e+01 5.917399999999999771e+00
1.568554811474562527e+01 -4.593700000000000117e+00 1.378110000000000035e+01 -5.917399999999999771e+00
1.568554811474562527e+01 -4.593700000000000117e+00 1.378110000000000035e+01 5.917399999999999771e+00
1.568554811474562527e+01 4.593700000000000117e+00 -1.378110000000000035e+01 -5.917399999999999771e+00
1.568554811474562527e+01 4.593700000000000117e+00 -1.378110000000000035e+01 5.917399999999999771e+00
1.568554811474562527e+01 4.593700000000000117e+00 1.378110000000000035e+01 -5.917399999999999771e+00
1.568554811474562527e+01 4.593700000000000117e+00 1.378110000000000035e+01 5.917399999999999771e+00
1.568554811474562527e+01 1.378110000000000035e+01 -4.593700000000000117e+00 -5.917399999999999771e+00
1.568554811474562527e+01 1.378110000000000035e+01 -4.593700000000000117e+00 5.917399999999999771e+00
1.568554811474562527e+01 1.378110000000000035e+01 4.593700000000000117e+00 -5.917399999999999771e+00
1.568554811474562527e+01 1.378110000000000035e+01 4.593700000000000117e+00 5.917399999999999771e+00
1.573536744820406064e+01 -9.187400000000000233e+00 -9.187400000000000233e+00 -8.876099999999999213e+00
1.573536744820406064e+01 -9.187400000000000233e+00 -9.187400000000000233e+00 8.876099999999999213e+00
1.573536744820406064e+01 -9.187400000000000233e+00 9.187400000000000233e+00 -8.876099999999999213e+00
1.573536744820406064e+01 -9.187400000000000233e+00 9.187400000000000233e+00 8.876099999999999213e+00
1.573536744820406064e+01 9.187400000000000233e+00 -9.187400000000000233e+00 -8.876099999999999213e+00
1.573536744820406064e+01 9.187400000000000233e+00 -9.187400000000000233e+00 8.876099999999999213e+00
1.573536744820406064e+01 9.187400000000000233e+00 9.187400000000000233e+00 -8.876099999999999213e+00
1.573536744820406064e+01 9.187400000000000233e+00 9.187400000000000233e+00 8.876099999999999213e+00
1.615709756206231518e+01 -4.593700000000000117e+00 -4.593700000000000117e+00 -1.479349999999999987e+01
1.615709756206231518e+01 -4.593700000000000117e+00 -4.593700000000000117e+00 1.479349999999999987e+01
1.615709756206231518e+01 -4.593700000000000117e+00 4.593700000000000117e+00 -1.479349999999999987e+01
1.615709756206231518e+01 -4.593700000000000117e+00 4.593700000000000117e+00 1.479349999999999987e+01
1.615709756206231518e+01 4.593700000000000117e+00 -4.593700000000000117e+00 -1.479349999999999987e+01
1.615709756206231518e+01 4.593700000000000117e+00 -4.593700000000000117e+00 1.479349999999999987e+01
1.615709756206231518e+01 4.593700000000000117e+00 4.593700000000000117e+00 -1.479349999999999987e+01
1.615709756206231518e+01 4.593700000000000117e+00 4.593700000000000117e+00 1.479349999999999987e+01
1.630841722999199916e+01 -1.148424999999999940e+01 -1.148424999999999940e+01 -1.479349999999999943e+00
1.630841722999199916e+01 -1.148424999999999940e+01 -1.148424999999999940e+01 1.479349999999999943e+00
1.630841722999199916e+01 -1.148424999999999940e+01 1.148424999999999940e+01 -1.479349999999999943e+00
1.630841722999199916e+01 -1.148424999999999940e+01 1.148424999999999940e+01 1.479349999999999943e+00
1.630841722999199916e+01 1.148424999999999940e+01 -1.148424999999999940e+01 -1.479349999999999943e+00
1.630841722999199916e+01 1.148424999999999940e+01 -1.148424999999999940e+01 1.479349999999999943e+00
1.630841722999199916e+01 1.148424999999999940e+01 1.148424999999999940e+01 -1.479349999999999943e+00
1.630841722999199916e+01 1.148424999999999940e+01 1.148424999999999940e+01 1.479349999999999943e+00
1.639218925037165420e+01 -1.378110000000000035e+01 -0.000000000000000000e+00 -8.876099999999999213e+00
1.639218925037165420e+01 -1.378110000000000035e+01 0.000000000000000000e+00 8.876099999999999213e+00
1.639218925037165420e+01 -0.000000000000000000e+00 -1.378110000000000035e+01 -8.876099999999999213e+00
1.639218925037165420e+01 -0.000000000000000000e+00 -1.378110000000000035e+01 8.876099999999999213e+00
1.639218925037165420e+01 0.000000000000000000e+00 1.378110000000000035e+01 -8.876099999999999213e+00
1.639218925037165420e+01 0.000000000000000000e+00 1.378110000000000035e+01 8.876099999999999213e+00
1.639218925037165420e+01 1.378110000000000035e+01 -0.000000000000000000e+00 -8.876099999999999213e+00
1.639218925037165420e+01 1.378110000000000035e+01 0.000000000000000000e+00 8.876099999999999213e+00
1.649927116049372700e+01 -6.890550000000000175e+00 -6.890550000000000175e+00 -1.331414999999999971e+01
1.649927116049372700e+01 -6.890550000000000175e+00 -6.890550000000000175e+00 1.331414999999999971e+01
1.649927116049372700e+01 -6.890550000000000175e+00 6.890550000000000175e+00 -1.331414999999999971e+01
1.649927116049372700e+01 -6.890550000000000175e+00 6.890550000000000175e+00 1.331414999999999971e+01
1.649927116049372700e+01 6.890550000000000175e+00 -6.890550000000000175e+00 -1.331414999999999971e+01
1.649927116049372700e+01 6.890550000000000175e+00 -6.890550000000000175e+00 1.331414999999999971e+01
1.649927116049372700e+01 6.890550000000000175e+00 6.890550000000000175e+00 -1.331414999999999971e+01
1.649927116049372700e+01 6.890550000000000175e+00 6.890550000000000175e+00 1.331414999999999971e+01
1.656282089409892677e+01 -1.378110000000000035e+01 -9.187400000000000233e+00 0.000000000000000000e+00
1.656282089409892677e+01 -1.378110000000000035e+01 9.187400000000000233e+00 0.000000000000000000e+00
1.656282089409892677e+01 -9.187400000000000233e+00 -1.378110000000000035e+01 0.000000000000000000e+00
1.656282089409892677e+01 -9.187400000000000233e+00 1.378110000000000035e+01 0.000000000000000000e+00
1.656282089409892677e+01 9.187400000000000233e+00 -1.378110000000000035e+01 0.000000000000000000e+00
1.656282089409892677e+01 9.187400000000000233e+00 1.378110000000000035e+01 0.000000000000000000e+00
1.656282089409892677e+01 1.378110000000000035e+01 -9.187400000000000233e+00 0.000000000000000000e+00
1.656282089409892677e+01 1.378110000000000035e+01 9.187400000000000233e+00 0.000000000000000000e+00
1.682500941039855746e+01 -1.378110000000000035e+01 -9.187400000000000233e+00 -2.958699999999999886e+00
1.682500941039855746e+01 -1.378110000000000035e+01 -9.187400000000000233e+00 2.958699999999999886e+00
1.682500941039855746e+01 -1.378110000000000035e+01 9.187400000000000233e+00 -2.958699999999999886e+00
1.682500941039855746e+01 -1.378110000000000035e+01 9.187400000000000233e+00 2.958699999999999886e+00
1.682500941039855746e+01 -9.187400000000000233e+00 -1.378110000000000035e+01 -2.958699999999999886e+00
1.682500941039855746e+01 -9.187400000000000233e+00 -1.378110000000000035e+01 2.958699999999999886e+00
1.682500941039855746e+01 -9.187400000000000233e+00 1.378110000000000035e+01 -2.958699999999999886e+00
1.682500941039855746e+01 -9.187400000000000233e+00 1.378110000000000035e+01 2.958699999999999886e+00
1.682500941039855746e+01 9.187400000000000233e+00 -1.378110000000000035e+01 -2.958699999999999886e+00
1.682500941039855746e+01 9.187400000000000233e+00 -1.378110000000000035e+01 2.958699999999999886e+00
1.682500941039855746e+01 9.187400000000000233e+00 1.378110000000000035e+01 -2.958699999999999886e+00
1.682500941039855746e+01 9.187400000000000233e+00 1.378110000000000035e+01 2.958699999999999886e+00
1.682500941039855746e+01 1.378110000000000035e+01 -9.187400000000000233e+00 -2.958699999999999886e+00
1.682500941039855746e+01 1.378110000000000035e+01 -9.187400000000000233e+00 2.958699999999999886e+00
1.682500941039855746e+01 1.378110000000000035e+01 9.187400000000000233e+00 -2.958699999999999886e+00
1.682500941039855746e+01 1.378110000000000035e+01 9.187400000000000233e+00 2.958699999999999886e+00
1.683663517237039642e+01 -1.148424999999999940e+01 -1.148424999999999940e+01 -4.438049999999999606e+00
1.683663517237039642e+01 -1.148424999999999940e+01 -1.148424999999999940e+01 4.438049999999999606e+00
1.683663517237039642e+01 -1.148424999999999940e+01 1.148424999999999940e+01 -4.438049999999999606e+00
1.683663517237039642e+01 -1.148424999999999940e+01 1.148424999999999940e+01 4.438049999999999606e+00
1.683663517237039642e+01 1.148424999999999940e+01 -1.148424999999999940e+01 -4.438049999999999606e+00
1.683663517237039642e+01 1.148424999999999940e+01 -1.148424999999999940e+01 4.438049999999999606e+00
1.683663517237039642e+01 1.148424999999999940e+01 1.148424999999999940e+01 -4.438049999999999606e+00
1.683663517237039642e+01 1.148424999999999940e+01 1.148424999999999940e+01 4.438049999999999606e+00
1.692935385853517971e+01 -1.148424999999999940e+01 -6.890550000000000175e+00 -1.035544999999999938e+01
1.692935385853517971e+01 -1.148424999999999940e+01 -6.890550000000000175e+00 1.035544999999999938e+01
1.692935385853517971e+01 -1.148424999999999940e+01 6.890550000000000175e+00 -1.035544999999999938e+01
1.692935385853517971e+01 -1.148424999999999940e+01 6.890550000000000175e+00 1.035544999999999938e+01
1.692935385853517971e+01 -6.890550000000000175e+00 -1.148424999999999940e+01 -1.035544999999999938e+01
1.692935385853517971e+01 -6.890550000000000175e+00 -1.148424999999999940e+01 1.035544999999999938e+01
1.692935385853517971e+01 -6.890550000000000175e+00 1.148424999999999940e+01 -1.035544999999999938e+01
1.692935385853517971e+01 -6.890550000000000175e+00 1.148424999999999940e+01 1.035544999999999938e+01
1.692935385853517971e+01 6.890550000000000175e+00 -1.148424999999999940e+01 -1.035544999999999938e+01
1.692935385853517971e+01 6.890550000000000175e+00 -1.148424999999999940e+01 1.035544999999999938e+01
1.692935385853517971e+01 6.890550000000000175e+00 1.148424999999999940e+01 -1.035544999999999938e+01
1.692935385853517971e+01 6.890550000000000175e+00 1.148424999999999940e+01 1.035544999999999938e+01
1.692935385853517971e+01 1.148424999999999940e+01 -6.890550000000000175e+00 -1.035544999999999938e+01
1.692935385853517971e+01 1.148424999999999940e+01 -6.890550000000000175e+00 1.035544999999999938e+01
1.692935385853517971e+01 1.148424999999999940e+01 6.890550000000000175e+00 -1.035544999999999938e+01
1.692935385853517971e+01 1.148424999999999940e+01 6.890550000000000175e+00 1.035544999999999938e+01
1.702368785281262120e+01 -1.378110000000000035e+01 -4.593700000000000117e+00 -8.876099999999999213e+00
1.702368785281262120e+01 -1.378110000000000035e+01 -4.593700000000000117e+00 8.876099999999999213e+00
1.702368785281262120e+01 -1.378110000000000035e+01 4.593700000000000117e+00 -8.876099999999999213e+00
1.702368785281262120e+01 -1.378110000000000035e+01 4.593700000000000117e+00 8.876099999999999213e+00
1.702368785281262120e+01 -4.593700000000000117e+00 -1.378110000000000035e+01 -8.876099999999999213e+00
1.702368785281262120e+01 -4.593700000000000117e+00 -1.378110000000000035e+01 8.876099999999999213e+00
1.702368785281262120e+01 -4.593700000000000117e+00 1.378110000000000035e+01 -8.876099999999999213e+00
1.702368785281262120e+01 -4.593700000000000117e+00 1.378110000000000035e+01 8.876099999999999213e+00
1.702368785281262120e+01 4.593700000000000117e+00 -1.378110000000000035e+01 -8.876099999999999213e+00
1.702368785281262120e+01 4.593700000000000117e+00 -1.378110000000000035e+01 8.876099999999999213e+00
1.702368785281262120e+01 4.593700000000000117e+00 1.378110000000000035e+01 -8.876099999999999213e+00
1.702368785281262120e+01 4.593700000000000117e+00 1.378110000000000035e+01 8.876099999999999213e+00
1.702368785281262120e+01 1.378110000000000035e+01 -4.593700000000000117e+00 -8.876099999999999213e+00
1.702368785281262120e+01 1.378110000000000035e+01 -4.593700000000000117e+00 8.876099999999999213e+00
1.702368785281262120e+01 1.378110000000000035e+01 4.593700000000000117e+00 -8.876099999999999213e+00
1.702368785281262120e+01 1.378110000000000035e+01 4.593700000000000117e+00 8.876099999999999213e+00
1.741424592137138916e+01 -9.187400000000000233e+00 -0.000000000000000000e+00 -1.479349999999999987e+01
1.741424592137138916e+01 -9.187400000000000233e+00 0.000000000000000000e+00 1.479349999999999987e+01
1.741424592137138916e+01 -0.000000000000000000e+00 -9.187400000000000233e+00 -1.479349999999999987e+01
1.741424592137138916e+01 0.000000000000000000e+00 -9.187400000000000233e+00 1.479349999999999987e+01
1.741424592137138916e+01 -0.000000000000000000e+00 9.187400000000000233e+00 -1.479349999999999987e+01
1.741424592137138916e+01 0.000000000000000000e+00 9.187400000000000233e+00 1.479349999999999987e+01
1.741424592137138916e+01 9.187400000000000233e+00 -0.000000000000000000e+00 -1.479349999999999987e+01
1.741424592137138916e+01 9.187400000000000233e+00 0.000000000000000000e+00 1.479349999999999987e+01
1.757495742697546248e+01 -9.187400000000000233e+00 -9.187400000000000233e+00 -1.183479999999999954e+01
1.757495742697546248e+01 -9.187400000000000233e+00 -9.187400000000000233e+00 1.183479999999999954e+01
1.757495742697546248e+01 -9.187400000000000233e+00 9.187400000000000233e+00 -1.183479999999999954e+01
1.757495742697546248e+01 -9.187400000000000233e+00 9.187400000000000233e+00 1.183479999999999954e+01
1.757495742697546248e+01 9.187400000000000233e+00 -9.187400000000000233e+00 -1.183479999999999954e+01
1.757495742697546248e+01 9.187400000000000233e+00 -9.187400000000000233e+00 1.183479999999999954e+01
1.757495742697546248e+01 9.187400000000000233e+00 9.187400000000000233e+00 -1.183479999999999954e+01
1.757495742697546248e+01 9.187400000000000233e+00 9.187400000000000233e+00 1.183479999999999954e+01
1.758813971771886742e+01 -1.378110000000000035e+01 -9.187400000000000233e+00 -5.917399999999999771e+00
1.758813971771886742e+01 -1.378110000000000035e+01 -9.187400000000000233e+00 5.917399999999999771e+00
1.758813971771886742e+01 -1.378110000000000035e+01 9.187400000000000233e+00 -5.917399999999999771e+00
1.758813971771886742e+01 -1.378110000000000035e+01 9.187400000000000233e+00 5.917399999999999771e+00
1.758813971771886742e+01 -9.187400000000000233e+00 -1.378110000000000035e+01 -5.917399999999999771e+00
1.758813971771886742e+01 -9.187400000000000233e+00 -1.378110000000000035e+01 5.917399999999999771e+00
1.758813971771886742e+01 -9.187400000000000233e+00 1.378110000000000035e+01 -5.917399999999999771e+00
1.758813971771886742e+01 -9.187400000000000233e+00 1.378110000000000035e+01 5.917399999999999771e+00
1.758813971771886742e+01 9.187400000000000233e+00 -1.378110000000000035e+01 -5.917399999999999771e+00
1.758813971771886742e+01 9.187400000000000233e+00 -1.378110000000000035e+01 5.917399999999999771e+00
1.758813971771886742e+01 9.187400000000000233e+00 1.378110000000000035e+01 -5.917399999999999771e+00
1.758813971771886742e+01 9.187400000000000233e+00 1.378110000000000035e+01 5.917399999999999771e+00
1.758813971771886742e+01 1.378110000000000035e+01 -9.187400000000000233e+00 -5.917399999999999771e+00
1.758813971771886742e+01 1.378110000000000035e+01 -9.187400000000000233e+00 5.917399999999999771e+00
1.758813971771886742e+01 1.378110000000000035e+01 9.187400000000000233e+00 -5.917399999999999771e+00
1.758813971771886742e+01 1.378110000000000035e+01 9.187400000000000233e+00 5.917399999999999771e+00
1.773217719873958487e+01 -1.148424999999999940e+01 -2.296850000000000058e+00 -1.331414999999999971e+01
1.773217719873958487e+01 -1.148424999999999940e+01 -2.296850000000000058e+00 1.331414999999999971e+01
1.773217719873958487e+01 -1.148424999999999940e+01 2.296850000000000058e+00 -1.331414999999999971e+01
1.773217719873958487e+01 -1.148424999999999940e+01 2.296850000000000058e+00 1.331414999999999971e+01
1.773217719873958487e+01 -2.296850000000000058e+00 -1.148424999999999940e+01 -1.331414999999999971e+01
1.773217719873958487e+01 -2.296850000000000058e+00 -1.148424999999999940e+01 1.331414999999999971e+01
1.773217719873958487e+01 -2.296850000000000058e+00 1.148424999999999940e+01 -1.331414999999999971e+01
1.773217719873958487e+01 -2.296850000000000058e+00 1.148424999999999940e+01 1.331414999999999971e+01
1.773217719873958487e+01 2.296850000000000058e+00 -1.148424999999999940e+01 -1.331414999999999971e+01
1.773217719873958487e+01 2.296850000000000058e+00 -1.148424999999999940e+01 1.331414999999999971e+01
1.773217719873958487e+01 2.296850000000000058e+00 1.148424999999999940e+01 -1.331414999999999971e+01
1.773217719873958487e+01 2.296850000000000058e+00 1.148424999999999940e+01 1.331414999999999971e+01
1.773217719873958487e+01 1.148424999999999940e+01 -2.296850000000000058e+00 -1.331414999999999971e+01
1.773217719873958487e+01 1.148424999999999940e+01 -2.296850000000000058e+00 1.331414999999999971e+01
1.773217719873958487e+01 1.148424999999999940e+01 2.296850000000000058e+00 -1.331414999999999971e+01
1.773217719873958487e+01 1.148424999999999940e+01 2.296850000000000058e+00 1.331414999999999971e+01
1.784622948097160133e+01 -1.148424999999999940e+01 -1.148424999999999940e+01 -7.396749999999999936e+00
1.784622948097160133e+01 -1.148424999999999940e+01 -1.148424999999999940e+01 7.396749999999999936e+00
1.784622948097160133e+01 -1.148424999999999940e+01 1.148424999999999940e+01 -7.396749999999999936e+00
1.784622948097160133e+01 -1.148424999999999940e+01 1.148424999999999940e+01 7.396749999999999936e+00
1.784622948097160133e+01 1.148424999999999940e+01 -1.148424999999999940e+01 -7.396749999999999936e+00
1.784622948097160133e+01 1.148424999999999940e+01 -1.148424999999999940e+01 7.396749999999999936e+00
1.784622948097160133e+01 1.148424999999999940e+01 1.148424999999999940e+01 -7.396749999999999936e+00
1.784622948097160133e+01 1.148424999999999940e+01 1.148424999999999940e+01 7.396749999999999936e+00
1.800994282889315556e+01 -9.187400000000000233e+00 -4.593700000000000117e+00 -1.479349999999999987e+01
1.800994282889315556e+01 -9.187400000000000233e+00 -4.593700000000000117e+00 1.479349999999999987e+01
1.800994282889315556e+01 -9.187400000000000233e+00 4.593700000000000117e+00 -1.479349999999999987e+01
1.800994282889315556e+01 -9.187400000000000233e+00 4.593700000000000117e+00 1.479349999999999987e+01
1.800994282889315556e+01 -4.593700000000000117e+00 -9.187400000000000233e+00 -1.479349999999999987e+01
1.800994282889315556e+01 -4.593700000000000117e+00 -9.187400000000000233e+00 1.479349999999999987e+01
1.800994282889315556e+01 -4.593700000000000117e+00 9.187400000000000233e+00 -1.479349999999999987e+01
1.800994282889315556e+01 -4.593700000000000117e+00 9.187400000000000233e+00 1.479349999999999987e+01
1.800994282889315556e+01 4.593700000000000117e+00 -9.187400000000000233e+00 -1.479349999999999987e+01
1.800994282889315556e+01 4.593700000000000117e+00 -9.187400000000000233e+00 1.479349999999999987e+01
1.800994282889315556e+01 4.593700000000000117e+00 9.187400000000000233e+00 -1.479349999999999987e+01
1.800994282889315556e+01 4.593700000000000117e+00 9.187400000000000233e+00 1.479349999999999987e+01
1.800994282889315556e+01 9.187400000000000233e+00 -4.593700000000000117e+00 -1.479349999999999987e+01
1.800994282889315556e+01 9.187400000000000233e+00 -4.593700000000000117e+00 1.479349999999999987e+01
1.800994282889315556e+01 9.187400000000000233e+00 4.593700000000000117e+00 -1.479349999999999987e+01
1.800994282889315556e+01 9.187400000000000233e+00 4.593700000000000117e+00 1.479349999999999987e+01
1.816538489132559064e+01 -1.378110000000000035e+01 -0.000000000000000000e+00 -1.183479999999999954e+01
1.816538489132559064e+01 -1.378110000000000035e+01 0.000000000000000000e+00 1.183479999999999954e+01
1.816538489132559064e+01 -0.000000000000000000e+00 -1.378110000000000035e+01 -1.183479999999999954e+01
1.816538489132559064e+01 -0.000000000000000000e+00 -1.378110000000000035e+01 1.183479999999999954e+01
1.816538489132559064e+01 0.000000000000000000e+00 1.378110000000000035e+01 -1.183479999999999954e+01
1.816538489132559064e+01 0.000000000000000000e+00 1.378110000000000035e+01 1.183479999999999954e+01
1.816538489132559064e+01 1.378110000000000035e+01 -0.000000000000000000e+00 -1.183479999999999954e+01
1.816538489132559064e+01 1.378110000000000035e+01 0.000000000000000000e+00 1.183479999999999954e+01
1.873721665402841907e+01 -1.378110000000000035e+01 -4.593700000000000117e+00 -1.183479999999999954e+01
1.873721665402841907e+01 -1.378110000000000035e+01 -4.593700000000000117e+00 1.183479999999999954e+01
1.873721665402841907e+01 -1.378110000000000035e+01 4.593700000000000117e+00 -1.183479999999999954e+01
1.873721665402841907e+01 -1.378110000000000035e+01 4.593700000000000117e+00 1.183479999999999954e+01
1.873721665402841907e+01 -4.593700000000000117e+00 -1.378110000000000035e+01 -1.183479999999999954e+01
1.873721665402841907e+01 -4.593700000000000117e+00 -1.378110000000000035e+01 1.183479999999999954e+01
1.873721665402841907e+01 -4.593700000000000117e+00 1.378110000000000035e+01 -1.183479999999999954e+01
1.873721665402841907e+01 -4.593700000000000117e+00 1.378110000000000035e+01 1.183479999999999954e+01
1.873721665402841907e+01 4.593700000000000117e+00 -1.378110000000000035e+01 -1.183479999999999954e+01
1.873721665402841907e+01 4.593700000000000117e+00 -1.378110000000000035e+01 1.183479999999999954e+01
1.873721665402841907e+01 4.593700000000000117e+00 1.378110000000000035e+01 -1.183479999999999954e+01
1.873721665402841907e+01 4.593700000000000117e+00 1.378110000000000035e+01 1.183479999999999954e+01
1.873721665402841907e+01 1.378110000000000035e+01 -4.593700000000000117e+00 -1.183479999999999954e+01
1.873721665402841907e+01 1.378110000000000035e+01 -4.593700000000000117e+00 1.183479999999999954e+01
1.873721665402841907e+01 1.378110000000000035e+01 4.593700000000000117e+00 -1.183479999999999954e+01
1.873721665402841907e+01 1.378110000000000035e+01 4.593700000000000117e+00 1.183479999999999954e+01
1.879127955143023243e+01 -1.378110000000000035e+01 -9.187400000000000233e+00 -8.876099999999999213e+00
1.879127955143023243e+01 -1.378110000000000035e+01 -9.187400000000000233e+00 8.876099999999999213e+00
1.879127955143023243e+01 -1.378110000000000035e+01 9.187400000000000233e+00 -8.876099999999999213e+00
1.879127955143023243e+01 -1.378110000000000035e+01 9.187400000000000233e+00 8.876099999999999213e+00
1.879127955143023243e+01 -9.187400000000000233e+00 -1.378110000000000035e+01 -8.876099999999999213e+00
1.879127955143023243e+01 -9.187400000000000233e+00 -1.378110000000000035e+01 8.876099999999999213e+00
1.879127955143023243e+01 -9.187400000000000233e+00 1.378110000000000035e+01 -8.876099999999999213e+00
1.879127955143023243e+01 -9.187400000000000233e+00 1.378110000000000035e+01 8.876099999999999213e+00
1.879127955143023243e+01 9.187400000000000233e+00 -1.378110000000000035e+01 -8.876099999999999213e+00
1.879127955143023243e+01 9.187400000000000233e+00 -1.378110000000000035e+01 8.876099999999999213e+00
1.879127955143023243e+01 9.187400000000000233e+00 1.378110000000000035e+01 -8.876099999999999213e+00
1.879127955143023243e+01 9.187400000000000233e+00 1.378110000000000035e+01 8.876099999999999213e+00
1.879127955143023243e+01 1.378110000000000035e+01 -9.187400000000000233e+00 -8.876099999999999213e+00
1.879127955143023243e+01 1.378110000000000035e+01 -9.187400000000000233e+00 8.876099999999999213e+00
1.879127955143023243e+01 1.378110000000000035e+01 9.187400000000000233e+00 -8.876099999999999213e+00
1.879127955143023243e+01 1.378110000000000035e+01 9.187400000000000233e+00 8.876099999999999213e+00
1.888476284170653585e+01 -1.148424999999999940e+01 -6.890550000000000175e+00 -1.331414999999999971e+01
1.888476284170653585e+01 -1.148424999999999940e+01 -6.890550000000000175e+00 1.331414999999999971e+01
1.888476284170653585e+01 -1.148424999999999940e+01 6.890550000000000175e+00 -1.331414999999999971e+01
1.888476284170653585e+01 -1.148424999999999940e+01 6.890550000000000175e+00 1.331414999999999971e+01
1.888476284170653585e+01 -6.890550000000000175e+00 -1.148424999999999940e+01 -1.331414999999999971e+01
1.888476284170653585e+01 -6.890550000000000175e+00 -1.148424999999999940e+01 1.331414999999999971e+01
1.888476284170653585e+01 -6.890550000000000175e+00 1.148424999999999940e+01 -1.331414999999999971e+01
1.888476284170653585e+01 -6.890550000000000175e+00 1.148424999999999940e+01 1.331414999999999971e+01
1.888476284170653585e+01 6.890550000000000175e+00 -1.148424999999999940e+01 -1.331414999999999971e+01
1.888476284170653585e+01 6.890550000000000175e+00 -1.148424999999999940e+01 1.331414999999999971e+01
1.888476284170653585e+01 6.890550000000000175e+00 1.148424999999999940e+01 -1.331414999999999971e+01
1.888476284170653585e+01 6.890550000000000175e+00 1.148424999999999940e+01 1.331414999999999971e+01
1.888476284170653585e+01 1.148424999999999940e+01 -6.890550000000000175e+00 -1.331414999999999971e+01
1.888476284170653585e+01 1.148424999999999940e+01 -6.890550000000000175e+00 1.331414999999999971e+01
1.888476284170653585e+01 1.148424999999999940e+01 6.890550000000000175e+00 -1.331414999999999971e+01
1.888476284170653585e+01 1.148424999999999940e+01 6.890550000000000175e+00 1.331414999999999971e+01
1.926165467522195840e+01 -1.148424999999999940e+01 -1.148424999999999940e+01 -1.035544999999999938e+01
1.926165467522195840e+01 -1.148424999999999940e+01 -1.148424999999999940e+01 1.035544999999999938e+01
1.926165467522195840e+01 -1.148424999999999940e+01 1.148424999999999940e+01 -1.035544999999999938e+01
1.926165467522195840e+01 -1.148424999999999940e+01 1.148424999999999940e+01 1.035544999999999938e+01
1.926165467522195840e+01 1.148424999999999940e+01 -1.148424999999999940e+01 -1.035544999999999938e+01
1.926165467522195840e+01 1.148424999999999940e+01 -1.148424999999999940e+01 1.035544999999999938e+01
1.926165467522195840e+01 1.148424999999999940e+01 1.148424999999999940e+01 -1.035544999999999938e+01
1.926165467522195840e+01 1.148424999999999940e+01 1.148424999999999940e+01 1.035544999999999938e+01
1.948941852441986100e+01 -1.378110000000000035e+01 -1.378110000000000035e+01 0.000000000000000000e+00
1.948941852441986100e+01 -1.378110000000000035e+01 1.378110000000000035e+01 0.000000000000000000e+00
1.948941852441986100e+01 1.378110000000000035e+01 -1.378110000000000035e+01 0.000000000000000000e+00
1.948941852441986100e+01 1.378110000000000035e+01 1.378110000000000035e+01 0.000000000000000000e+00
1.968919195320112792e+01 -9.187400000000000233e+00 -9.187400000000000233e+00 -1.479349999999999987e+01
1.968919195320112792e+01 -9.187400000000000233e+00 -9.187400000000000233e+00 1.479349999999999987e+01
1.968919195320112792e+01 -9.187400000000000233e+00 9.187400000000000233e+00 -1.479349999999999987e+01
1.968919195320112792e+01 -9.187400000000000233e+00 9.187400000000000233e+00 1.479349999999999987e+01
1.968919195320112792e+01 9.187400000000000233e+00 -9.187400000000000233e+00 -1.479349999999999987e+01
1.968919195320112792e+01 9.187400000000000233e+00 -9.187400000000000233e+00 1.479349999999999987e+01
1.968919195320112792e+01 9.187400000000000233e+00 9.187400000000000233e+00 -1.479349999999999987e+01
1.968919195320112792e+01 9.187400000000000233e+00 9.187400000000000233e+00 1.479349999999999987e+01
1.971272026154685975e+01 -1.378110000000000035e+01 -1.378110000000000035e+01 -2.958699999999999886e+00
1.971272026154685975e+01 -1.378110000000000035e+01 -1.378110000000000035e+01 2.958699999999999886e+00
1.971272026154685975e+01 -1.378110000000000035e+01 1.378110000000000035e+01 -2.958699999999999886e+00
1.971272026154685975e+01 -1.378110000000000035e+01 1.378110000000000035e+01 2.958699999999999886e+00
1.971272026154685975e+01 1.378110000000000035e+01 -1.378110000000000035e+01 -2.958699999999999886e+00
1.971272026154685975e+01 1.378110000000000035e+01 -1.378110000000000035e+01 2.958699999999999886e+00
1.971272026154685975e+01 1.378110000000000035e+01 1.378110000000000035e+01 -2.958699999999999886e+00
1.971272026154685975e+01 1.378110000000000035e+01 1.378110000000000035e+01 2.958699999999999886e+00
2.021797120039495965e+01 -1.378110000000000035e+01 -0.000000000000000000e+00 -1.479349999999999987e+01
2.021797120039495965e+01 -1.378110000000000035e+01 0.000000000000000000e+00 1.479349999999999987e+01
2.021797120039495965e+01 -0.000000000000000000e+00 -1.378110000000000035e+01 -1.479349999999999987e+01
2.021797120039495965e+01 0.000000000000000000e+00 -1.378110000000000035e+01 1.479349999999999987e+01
2.021797120039495965e+01 -0.000000000000000000e+00 1.378110000000000035e+01 -1.479349999999999987e+01
2.021797120039495965e+01 0.000000000000000000e+00 1.378110000000000035e+01 1.479349999999999987e+01
2.021797120039495965e+01 1.378110000000000035e+01 -0.000000000000000000e+00 -1.479349999999999987e+01
2.021797120039495965e+01 1.378110000000000035e+01 0.000000000000000000e+00 1.479349999999999987e+01
2.035655980292347778e+01 -1.378110000000000035e+01 -9.187400000000000233e+00 -1.183479999999999954e+01
2.035655980292347778e+01 -1.378110000000000035e+01 -9.187400000000000233e+00 1.183479999999999954e+01
2.035655980292347778e+01 -1.378110000000000035e+01 9.187400000000000233e+00 -1.183479999999999954e+01
2.035655980292347778e+01 -1.378110000000000035e+01 9.187400000000000233e+00 1.183479999999999954e+01
2.035655980292347778e+01 -9.187400000000000233e+00 -1.378110000000000035e+01 -1.183479999999999954e+01
2.035655980292347778e+01 -9.187400000000000233e+00 -1.378110000000000035e+01 1.183479999999999954e+01
2.035655980292347778e+01 -9.187400000000000233e+00 1.378110000000000035e+01 -1.183479999999999954e+01
2.035655980292347778e+01 -9.187400000000000233e+00 1.378110000000000035e+01 1.183479999999999954e+01
2.035655980292347778e+01 9.187400000000000233e+00 -1.378110000000000035e+01 -1.183479999999999954e+01
2.035655980292347778e+01 9.187400000000000233e+00 -1.378110000000000035e+01 1.183479999999999954e+01
2.035655980292347778e+01 9.187400000000000233e+00 1.378110000000000035e+01 -1.183479999999999954e+01
2.035655980292347778e+01 9.187400000000000233e+00 1.378110000000000035e+01 1.183479999999999954e+01
2.035655980292347778e+01 1.378110000000000035e+01 -9.187400000000000233e+00 -1.183479999999999954e+01
2.035655980292347778e+01 1.378110000000000035e+01 -9.187400000000000233e+00 1.183479999999999954e+01
2.035655980292347778e+01 1.378110000000000035e+01 9.187400000000000233e+00 -1.183479999999999954e+01
2.035655980292347778e+01 1.378110000000000035e+01 9.187400000000000233e+00 1.183479999999999954e+01
2.036794189848350811e+01 -1.378110000000000035e+01 -1.378110000000000035e+01 -5.917399999999999771e+00
2.036794189848350811e+01 -1.378110000000000035e+01 -1.378110000000000035e+01 5.917399999999999771e+00
2.036794189848350811e+01 -1.378110000000000035e+01 1.378110000000000035e+01 -5.917399999999999771e+00
2.036794189848350811e+01 -1.378110000000000035e+01 1.378110000000000035e+01 5.917399999999999771e+00
2.036794189848350811e+01 1.378110000000000035e+01 -1.378110000000000035e+01 -5.917399999999999771e+00
2.036794189848350811e+01 1.378110000000000035e+01 -1.378110000000000035e+01 5.917399999999999771e+00
2.036794189848350811e+01 1.378110000000000035e+01 1.378110000000000035e+01 -5.917399999999999771e+00
2.036794189848350811e+01 1.378110000000000035e+01 1.378110000000000035e+01 5.917399999999999771e+00
2.073326889687200492e+01 -1.378110000000000035e+01 -4.593700000000000117e+00 -1.479349999999999987e+01
2.073326889687200492e+01 -1.378110000000000035e+01 -4.593700000000000117e+00 1.479349999999999987e+01
2.073326889687200492e+01 -1.378110000000000035e+01 4.593700000000000117e+00 -1.479349999999999987e+01
2.073326889687200492e+01 -1.378110000000000035e+01 4.593700000000000117e+00 1.479349999999999987e+01
2.073326889687200492e+01 -4.593700000000000117e+00 -1.378110000000000035e+01 -1.479349999999999987e+01
2.073326889687200492e+01 -4.593700000000000117e+00 -1.378110000000000035e+01 1.479349999999999987e+01
2.073326889687200492e+01 -4.593700000000000117e+00 1.378110000000000035e+01 -1.479349999999999987e+01
2.073326889687200492e+01 -4.593700000000000117e+00 1.378110000000000035e+01 1.479349999999999987e+01
2.073326889687200492e+01 4.593700000000000117e+00 -1.378110000000000035e+01 -1.479349999999999987e+01
2.073326889687200492e+01 4.593700000000000117e+00 -1.378110000000000035e+01 1.479349999999999987e+01
2.073326889687200492e+01 4.593700000000000117e+00 1.378110000000000035e+01 -1.479349999999999987e+01
2.073326889687200492e+01 4.593700000000000117e+00 1.378110000000000035e+01 1.479349999999999987e+01
2.073326889687200492e+01 1.378110000000000035e+01 -4.593700000000000117e+00 -1.479349999999999987e+01
2.073326889687200492e+01 1.378110000000000035e+01 -4.593700000000000117e+00 1.479349999999999987e+01
2.073326889687200492e+01 1.378110000000000035e+01 4.593700000000000117e+00 -1.479349999999999987e+01
2.073326889687200492e+01 1.378110000000000035e+01 4.593700000000000117e+00 1.479349999999999987e+01
2.100101393617698520e+01 -1.148424999999999940e+01 -1.148424999999999940e+01 -1.331414999999999971e+01
2.100101393617698520e+01 -1.148424999999999940e+01 -1.148424999999999940e+01 1.331414999999999971e+01
2.100101393617698520e+01 -1.148424999999999940e+01 1.148424999999999940e+01 -1.331414999999999971e+01
2.100101393617698520e+01 -1.148424999999999940e+01 1.148424999999999940e+01 1.331414999999999971e+01
2.100101393617698520e+01 1.148424999999999940e+01 -1.148424999999999940e+01 -1.331414999999999971e+01
2.100101393617698520e+01 1.148424999999999940e+01 -1.148424999999999940e+01 1.331414999999999971e+01
2.100101393617698520e+01 1.148424999999999940e+01 1.148424999999999940e+01 -1.331414999999999971e+01
2.100101393617698520e+01 1.148424999999999940e+01 1.148424999999999940e+01 1.331414999999999971e+01
2.141547537716592586e+01 -1.378110000000000035e+01 -1.378110000000000035e+01 -8.876099999999999213e+00
2.141547537716592586e+01 -1.378110000000000035e+01 -1.378110000000000035e+01 8.876099999999999213e+00
2.141547537716592586e+01 -1.378110000000000035e+01 1.378110000000000035e+01 -8.876099999999999213e+00
2.141547537716592586e+01 -1.378110000000000035e+01 1.378110000000000035e+01 8.876099999999999213e+00
2.141547537716592586e+01 1.378110000000000035e+01 -1.378110000000000035e+01 -8.876099999999999213e+00
2.141547537716592586e+01 1.378110000000000035e+01 -1.378110000000000035e+01 8.876099999999999213e+00
2.141547537716592586e+01 1.378110000000000035e+01 1.378110000000000035e+01 -8.876099999999999213e+00
2.141547537716592586e+01 1.378110000000000035e+01 1.378110000000000035e+01 8.876099999999999213e+00
2.220753651848849231e+01 -1.378110000000000035e+01 -9.187400000000000233e+00 -1.479349999999999987e+01
2.220753651848849231e+01 -1.378110000000000035e+01 -9.187400000000000233e+00 1.479349999999999987e+01
2.220753651848849231e+01 -1.378110000000000035e+01 9.187400000000000233e+00 -1.479349999999999987e+01
2.220753651848849231e+01 -1.378110000000000035e+01 9.187400000000000233e+00 1.479349999999999987e+01
2.220753651848849231e+01 -9.187400000000000233e+00 -1.378110000000000035e+01 -1.479349999999999987e+01
2.220753651848849231e+01 -9.187400000000000233e+00 -1.378110000000000035e+01 1.479349999999999987e+01
2.220753651848849231e+01 -9.187400000000000233e+00 1.378110000000000035e+01 -1.479349999999999987e+01
2.220753651848849231e+01 -9.187400000000000233e+00 1.378110000000000035e+01 1.479349999999999987e+01
2.220753651848849231e+01 9.187400000000000233e+00 -1.378110000000000035e+01 -1.479349999999999987e+01
2.220753651848849231e+01 9.187400000000000233e+00 -1.378110000000000035e+01 1.479349999999999987e+01
2.220753651848849231e+01 9.187400000000000233e+00 1.378110000000000035e+01 -1.479349999999999987e+01
2.220753651848849231e+01 9.187400000000000233e+00 1.378110000000000035e+01 1.479349999999999987e+01
2.220753651848849231e+01 1.378110000000000035e+01 -9.187400000000000233e+00 -1.479349999999999987e+01
2.220753651848849231e+01 1.378110000000000035e+01 -9.187400000000000233e+00 1.479349999999999987e+01
2.220753651848849231e+01 1.378110000000000035e+01 9.187400000000000233e+00 -1.479349999999999987e+01
2.220753651848849231e+01 1.378110000000000035e+01 9.187400000000000233e+00 1.479349999999999987e+01
2.280131411695387555e+01 -1.378110000000000035e+01 -1.378110000000000035e+01 -1.183479999999999954e+01
2.280131411695387555e+01 -1.378110000000000035e+01 -1.378110000000000035e+01 1.183479999999999954e+01
2.280131411695387555e+01 -1.378110000000000035e+01 1.378110000000000035e+01 -1.183479999999999954e+01
2.280131411695387555e+01 -1.378110000000000035e+01 1.378110000000000035e+01 1.183479999999999954e+01
2.280131411695387555e+01 1.378110000000000035e+01 -1.378110000000000035e+01 -1.183479999999999954e+01
2.280131411695387555e+01 1.378110000000000035e+01 -1.378110000000000035e+01 1.183479999999999954e+01
2.280131411695387555e+01 1.378110000000000035e+01 1.378110000000000035e+01 -1.183479999999999954e+01
2.280131411695387555e+01 1.378110000000000035e+01 1.378110000000000035e+01 1.183479999999999954e+01
2.446804194597516258e+01 -1.378110000000000035e+01 -1.378110000000000035e+01 -1.479349999999999987e+01
2.446804194597516258e+01 -1.378110000000000035e+01 -1.378110000000000035e+01 1.479349999999999987e+01
2.446804194597516258e+01 -1.378110000000000035e+01 1.378110000000000035e+01 -1.479349999999999987e+01
2.446804194597516258e+01 -1.378110000000000035e+01 1.378110000000000035e+01 1.479349999999999987e+01
2.446804194597516258e+01 1.378110000000000035e+01 -1.378110000000000035e+01 -1.479349999999999987e+01
2.446804194597516258e+01 1.378110000000000035e+01 -1.378110000000000035e+01 1.479349999999999987e+01
2.446804194597516258e+01 1.378110000000000035e+01 1.378110000000000035e+01 -1.479349999999999987e+01
2.446804194597516258e+01 1.378110000000000035e+01 1.378110000000000035e+01 1.479349999999999987e+01
