-5.000902591428650013e+00
-5.347118924681402596e+00
-5.693335257934155180e+00
-6.039551591186907764e+00
-6.385767924439660348e+00
-6.731984257692414708e+00
-7.078200590945165516e+00
-7.424416924197919876e+00
-7.770633257450670683e+00
-8.116849590703424155e+00
-8.463065923956177627e+00
-8.809282257208929323e+00
-9.155498590461682795e+00
-9.501714923714434491e+00
-9.847931256967187963e+00
-1.019414759021993966e+01
-1.054036392347269313e+01
-1.227144558973645694e+01
-1.261766192298920863e+01
-1.296387825624196388e+01
-1.331009458949471380e+01
-1.365631092274746550e+01
-1.400252725600021897e+01
-1.434874358925297422e+01
-1.469495992250572414e+01
-1.504117625575847939e+01
-1.538739258901122930e+01
-1.573360892226398455e+01
-1.607982525551673447e+01
-1.642604158876948972e+01
-1.677225792202224497e+01
-1.711847425527499666e+01
-1.746469058852774836e+01
-1.781090692178050006e+01
-1.815712325503325175e+01
-1.850333958828600700e+01
-1.884955592153875870e+01
