5.078070365262541408e+00
5.078255164830399515e+00
5.078439964398258510e+00
5.078624763966116618e+00
5.078809563533974725e+00
5.078994363101832832e+00
5.079179162669690939e+00
5.079363962237549934e+00
5.079548761805408041e+00
5.079733561373266149e+00
5.079918360941123368e+00
5.080103160508982363e+00
5.080287960076841358e+00
5.080472759644698577e+00
5.080657559212556684e+00
5.080842358780415680e+00
5.081027158348272899e+00
5.081211957916131894e+00
5.081396757483990001e+00
5.081581557051848108e+00
5.081766356619706215e+00
5.081951156187564322e+00
5.082135955755423318e+00
5.082320755323280537e+00
5.082505554891139532e+00
5.082690354458997639e+00
5.082875154026854858e+00
5.083059953594713853e+00
5.083244753162572849e+00
5.083429552730430068e+00
5.083614352298288175e+00
5.083799151866147170e+00
5.083983951434005277e+00
5.084168751001863384e+00
5.084353550569721492e+00
