5.073672135547515616e+00
5.074041734683231830e+00
5.074411333818948933e+00
5.074780932954665147e+00
5.075150532090382249e+00
5.075520131226097575e+00
5.075889730361814678e+00
5.076259329497530892e+00
5.076628928633247106e+00
5.076998527768964209e+00
5.077368126904680423e+00
5.077737726040396637e+00
5.078107325176113740e+00
5.078476924311829066e+00
5.078846523447546168e+00
5.079216122583262383e+00
5.079585721718979485e+00
5.079955320854695699e+00
5.080324919990411026e+00
5.080694519126128128e+00
5.081064118261844342e+00
5.081433717397561445e+00
5.081803316533277659e+00
5.082172915668994762e+00
5.082542514804710088e+00
5.082912113940427190e+00
5.083281713076143404e+00
5.083651312211859619e+00
5.084020911347576721e+00
5.084390510483292935e+00
5.084760109619009150e+00
5.085129708754726252e+00
5.085499307890441578e+00
5.085868907026159569e+00
5.086238506161874895e+00
