5.070530542893926018e+00
5.070915227708651329e+00
5.071299912523376641e+00
5.071684597338101064e+00
5.072069282152827263e+00
5.072453966967552574e+00
5.072838651782277886e+00
5.073223336597003197e+00
5.073608021411728508e+00
5.073992706226453819e+00
5.074377391041178242e+00
5.074762075855904442e+00
5.075146760670628865e+00
5.075531445485355064e+00
5.075916130300080376e+00
5.076300815114805687e+00
5.076685499929530998e+00
5.077070184744255421e+00
5.077454869558980732e+00
5.077839554373706044e+00
5.078224239188431355e+00
5.078608924003157554e+00
5.078993608817881977e+00
5.079378293632608177e+00
5.079762978447332600e+00
5.080147663262057911e+00
5.080532348076783222e+00
5.080917032891508534e+00
5.081301717706233845e+00
5.081686402520959156e+00
5.082071087335685355e+00
5.082455772150409778e+00
5.082840456965135090e+00
5.083225141779860401e+00
5.083609826594585712e+00
5.083994511409311023e+00
5.084379196224035447e+00
5.084763881038761646e+00
5.085148565853486957e+00
5.085533250668212268e+00
5.085917935482936691e+00
5.086302620297662891e+00
5.086687305112388202e+00
5.087071989927112625e+00
5.087456674741838825e+00
5.087841359556564136e+00
5.088226044371289447e+00
5.088610729186013870e+00
5.088995414000740070e+00
5.089380098815465381e+00
