0.000000000000000000e+00
8.823529411764706083e+02
1.764705882352941217e+03
2.647058823529411711e+03
3.529411764705882433e+03
4.411764705882353155e+03
5.294117647058823422e+03
6.176470588235294599e+03
7.058823529411764866e+03
7.941176470588235134e+03
8.823529411764706310e+03
9.705882352941176578e+03
1.058823529411764684e+04
1.147058823529411711e+04
1.235294117647058920e+04
1.323529411764705947e+04
1.411764705882352973e+04
1.500000000000000000e+04
1.588235294117647027e+04
1.676470588235294053e+04
1.764705882352941262e+04
1.852941176470588107e+04
1.941176470588235316e+04
2.029411764705882524e+04
2.117647058823529369e+04
2.205882352941176578e+04
2.294117647058823422e+04
2.382352941176470631e+04
2.470588235294117840e+04
2.558823529411764684e+04
2.647058823529411893e+04
2.735294117647058738e+04
2.823529411764705947e+04
2.911764705882353155e+04
3.000000000000000000e+04
