0.000000000000000000e+00
2.941176470588235361e+02
5.882352941176470722e+02
8.823529411764706083e+02
1.176470588235294144e+03
1.470588235294117567e+03
1.764705882352941217e+03
2.058823529411764866e+03
2.352941176470588289e+03
2.647058823529411711e+03
2.941176470588235134e+03
3.235294117647059011e+03
3.529411764705882433e+03
3.823529411764705856e+03
4.117647058823529733e+03
4.411764705882353155e+03
4.705882352941176578e+03
5.000000000000000000e+03
5.294117647058823422e+03
5.588235294117646845e+03
5.882352941176470267e+03
6.176470588235294599e+03
6.470588235294118022e+03
6.764705882352941444e+03
7.058823529411764866e+03
7.352941176470588289e+03
7.647058823529411711e+03
7.941176470588235134e+03
8.235294117647059466e+03
8.529411764705882888e+03
8.823529411764706310e+03
9.117647058823529733e+03
9.411764705882353155e+03
9.705882352941176578e+03
1.000000000000000000e+04
