4.995486961615379640e-01
4.995833799245419926e-01
4.994838434688306239e-01
4.992949937701578467e-01
4.995665671210607339e-01
4.999242687813134634e-01
4.995589487250299832e-01
4.964050551098767583e-01
4.993166615167751732e-01
4.941589642573173680e-01
4.991441357590105099e-01
4.471091888117990631e-01
4.702682796172987234e-01
4.274489603574478935e-01
1.081520666598039804e-01
-1.282767900557742480e-01
-3.195157840786445602e-01
-4.986376905001316251e-01
7.042704548666800513e-02
3.921408785203971403e-01
-5.775694720472526744e-02
4.975322162729312603e-01
2.606970990647446973e-01
4.954079968542289270e-01
4.101372856983904747e-01
4.726326717190521554e-01
4.945104477554713718e-01
4.902481300841879941e-01
4.998167759725141157e-01
4.944844578455155903e-01
4.971310285570497145e-01
4.997165615655611570e-01
4.998033498561953447e-01
4.997213168631730040e-01
4.993991607992123716e-01
