4.988400881238823636e-01
4.995951524188342874e-01
4.973268636186915503e-01
4.913181400509977759e-01
4.982645692557611250e-01
4.937103330254229983e-01
4.781746999348295279e-01
4.850525497676684283e-01
4.995417274831146504e-01
4.540037628190056185e-01
3.424251840260514879e-01
3.912206613962964097e-01
4.979083774080241276e-01
2.774835523032942453e-01
-4.301080413671812264e-02
2.925835202275584024e-02
4.333895730738071550e-01
4.634755446132939882e-01
2.779255796281905888e-01
2.980290606834903322e-01
4.738791644706542017e-01
4.717641011018337549e-01
4.250867984206337380e-01
4.788873243212923847e-01
4.986439191676167448e-01
4.860238341278785290e-01
4.874186814838745718e-01
4.983330554805898149e-01
4.964906280510210657e-01
4.909382665394855239e-01
4.984535798287507147e-01
4.976660220465616291e-01
4.970899663061690843e-01
4.999401168694760922e-01
4.992548839079410383e-01
