1.653953348883664132e-01
1.536133220277551836e-01
1.412698121273265051e-01
1.300920140290596216e-01
1.200592552505519162e-01
1.111387805024576653e-01
1.031388300038126177e-01
9.599489358578348897e-02
8.954150206210303997e-02
8.375371304566342490e-02
7.850839123622474491e-02
7.370646094281795013e-02
6.937528855077973455e-02
6.540776220510664818e-02
6.176189682578683143e-02
5.840002547074716471e-02
5.533253009150049945e-02
4.306915309687427834e-02
4.112111654642151143e-02
3.929977592510688900e-02
3.760162084563144214e-02
3.601668448472981898e-02
3.452755590644830674e-02
3.312163753511694619e-02
3.179461486228243178e-02
3.054179809899053993e-02
2.936687290281103993e-02
2.826811968635685110e-02
2.723993011129616226e-02
2.626652532636369886e-02
2.532385819524313533e-02
2.439119513933872552e-02
2.349834070651431878e-02
2.270414057042785538e-02
2.198605014114168865e-02
2.130068555014440895e-02
2.062952957677744587e-02
