-3.141592653589793307e-03
-3.086476993000498558e-03
-3.031361332411204243e-03
-2.976245671821909061e-03
-2.921130011232614745e-03
-2.866014350643319997e-03
-2.810898690054025248e-03
-2.755783029464730933e-03
-2.700667368875436184e-03
-2.645551708286141869e-03
-2.590436047696847120e-03
-2.535320387107552371e-03
-2.480204726518257623e-03
-2.425089065928963308e-03
-2.369973405339668125e-03
-2.314857744750373810e-03
-2.259742084161079061e-03
-2.204626423571784313e-03
-2.149510762982489998e-03
-2.094395102393195249e-03
-2.039279441803900934e-03
-1.984163781214606185e-03
-1.929048120625311219e-03
-1.873932460036016687e-03
-1.818816799446722155e-03
-1.763701138857427840e-03
-1.708585478268133092e-03
-1.653469817678838343e-03
-1.598354157089543811e-03
-1.543238496500249279e-03
-1.488122835910954313e-03
-1.433007175321659998e-03
-1.377891514732365250e-03
-1.322775854143070501e-03
-1.267660193553776186e-03
-1.212544532964481437e-03
-1.157428872375186905e-03
-1.102313211785892156e-03
-1.047197551196597408e-03
-9.920818906073030925e-04
-9.369662300180083437e-04
-8.818505694287135949e-04
-8.267349088394191714e-04
-7.716192482501245311e-04
-7.165035876608296739e-04
-6.613879270715352504e-04
-6.062722664822405017e-04
-5.511566058929460781e-04
-4.960409453036513294e-04
-4.409252847143566348e-04
-3.858096241250622655e-04
-3.306939635357674626e-04
-2.755783029464730391e-04
-2.204626423571783174e-04
-1.653469817678835416e-04
-1.102313211785891587e-04
-5.511566058929439640e-05
3.571577341960838684e-19
5.511566058929474876e-05
1.102313211785894975e-04
1.653469817678842734e-04
2.204626423571789950e-04
2.755783029464730391e-04
3.306939635357677878e-04
3.858096241250625908e-04
4.409252847143573396e-04
4.960409453036520883e-04
5.511566058929460781e-04
6.062722664822408269e-04
6.613879270715355757e-04
7.165035876608303244e-04
7.716192482501251816e-04
8.267349088394191714e-04
8.818505694287139202e-04
9.369662300180086690e-04
9.920818906073035261e-04
1.047197551196598275e-03
1.102313211785893024e-03
1.157428872375186905e-03
1.212544532964481654e-03
1.267660193553776403e-03
1.322775854143071151e-03
1.377891514732365900e-03
1.433007175321659998e-03
1.488122835910954747e-03
1.543238496500249713e-03
1.598354157089544245e-03
1.653469817678839210e-03
1.708585478268133742e-03
1.763701138857427840e-03
1.818816799446722589e-03
1.873932460036017338e-03
1.929048120625311870e-03
1.984163781214607052e-03
2.039279441803900934e-03
2.094395102393195682e-03
2.149510762982490431e-03
2.204626423571785180e-03
2.259742084161079929e-03
2.314857744750373810e-03
2.369973405339668993e-03
2.425089065928963308e-03
2.480204726518258490e-03
2.535320387107552805e-03
2.590436047696847120e-03
2.645551708286141869e-03
2.700667368875436618e-03
2.755783029464731367e-03
2.810898690054026115e-03
2.866014350643320864e-03
2.921130011232614745e-03
2.976245671821909494e-03
3.031361332411204243e-03
3.086476993000499425e-03
3.141592653589793307e-03
