0.000000000000000000e+00
1.315789473684210407e+02
2.631578947368420813e+02
3.947368421052631220e+02
5.263157894736841627e+02
6.578947368421052033e+02
7.894736842105262440e+02
9.210526315789472847e+02
1.052631578947368325e+03
1.184210526315789366e+03
1.315789473684210407e+03
1.447368421052631447e+03
1.578947368421052488e+03
1.710526315789473529e+03
1.842105263157894569e+03
1.973684210526315610e+03
2.105263157894736651e+03
2.236842105263157464e+03
2.368421052631578732e+03
2.500000000000000000e+03
2.631578947368420813e+03
2.763157894736841627e+03
2.894736842105262895e+03
3.026315789473684163e+03
3.157894736842104976e+03
3.289473684210525789e+03
3.421052631578947057e+03
3.552631578947368325e+03
3.684210526315789139e+03
3.815789473684209952e+03
3.947368421052631220e+03
4.078947368421052488e+03
4.210526315789473301e+03
4.342105263157894115e+03
4.473684210526314928e+03
4.605263157894736651e+03
4.736842105263157464e+03
4.868421052631578277e+03
5.000000000000000000e+03
5.131578947368420813e+03
5.263157894736841627e+03
5.394736842105262440e+03
5.526315789473683253e+03
5.657894736842104976e+03
5.789473684210525789e+03
5.921052631578946603e+03
6.052631578947368325e+03
6.184210526315789139e+03
6.315789473684209952e+03
6.447368421052630765e+03
6.578947368421051578e+03
6.710526315789473301e+03
6.842105263157894115e+03
6.973684210526314928e+03
7.105263157894736651e+03
7.236842105263157464e+03
7.368421052631578277e+03
7.499999999999999091e+03
7.631578947368419904e+03
7.763157894736841627e+03
7.894736842105262440e+03
8.026315789473683253e+03
8.157894736842104976e+03
8.289473684210524880e+03
8.421052631578946603e+03
8.552631578947368325e+03
8.684210526315788229e+03
8.815789473684209952e+03
8.947368421052629856e+03
9.078947368421051578e+03
9.210526315789473301e+03
9.342105263157893205e+03
9.473684210526314928e+03
9.605263157894736651e+03
9.736842105263156554e+03
9.868421052631578277e+03
1.000000000000000000e+04
1.013157894736841990e+04
1.026315789473684163e+04
1.039473684210526153e+04
1.052631578947368325e+04
1.065789473684210498e+04
1.078947368421052488e+04
1.092105263157894660e+04
1.105263157894736651e+04
1.118421052631578823e+04
1.131578947368420995e+04
1.144736842105262986e+04
1.157894736842105158e+04
1.171052631578947330e+04
1.184210526315789321e+04
1.197368421052631493e+04
1.210526315789473665e+04
1.223684210526315655e+04
1.236842105263157828e+04
1.249999999999999818e+04
1.263157894736841990e+04
1.276315789473684163e+04
1.289473684210526153e+04
1.302631578947368325e+04
1.315789473684210316e+04
1.328947368421052488e+04
1.342105263157894660e+04
1.355263157894736651e+04
1.368421052631578823e+04
1.381578947368420995e+04
1.394736842105262986e+04
1.407894736842105158e+04
1.421052631578947330e+04
1.434210526315789321e+04
1.447368421052631493e+04
1.460526315789473483e+04
1.473684210526315655e+04
1.486842105263157828e+04
1.500000000000000000e+04
