8.074500000000000455e+02 6.125000000000000000e+01 5.175000000000000000e+01 4.425000000000000000e+01 1.030000000000000000e+02
8.074700000000000273e+02 5.325000000000000000e+01 4.750000000000000000e+01 5.450000000000000000e+01 8.950000000000000000e+01
8.074900000000000091e+02 5.375000000000000000e+01 4.725000000000000000e+01 5.225000000000000000e+01 8.975000000000000000e+01
8.075099999999999909e+02 4.875000000000000000e+01 4.875000000000000000e+01 4.900000000000000000e+01 9.375000000000000000e+01
8.075299999999999727e+02 5.100000000000000000e+01 4.750000000000000000e+01 5.225000000000000000e+01 8.000000000000000000e+01
8.075500000000000682e+02 4.875000000000000000e+01 5.250000000000000000e+01 4.925000000000000000e+01 9.625000000000000000e+01
8.075700000000000500e+02 4.875000000000000000e+01 5.150000000000000000e+01 4.775000000000000000e+01 9.600000000000000000e+01
8.075900000000000318e+02 4.775000000000000000e+01 4.500000000000000000e+01 4.125000000000000000e+01 9.400000000000000000e+01
8.076100000000000136e+02 5.025000000000000000e+01 4.900000000000000000e+01 4.850000000000000000e+01 9.575000000000000000e+01
8.076299999999999955e+02 5.350000000000000000e+01 4.750000000000000000e+01 4.200000000000000000e+01 1.067500000000000000e+02
8.076499999999999773e+02 4.475000000000000000e+01 4.175000000000000000e+01 6.100000000000000000e+01 9.275000000000000000e+01
8.076700000000000728e+02 4.850000000000000000e+01 4.450000000000000000e+01 4.725000000000000000e+01 9.075000000000000000e+01
8.076900000000000546e+02 5.275000000000000000e+01 4.700000000000000000e+01 4.875000000000000000e+01 1.025000000000000000e+02
8.077100000000000364e+02 5.275000000000000000e+01 4.500000000000000000e+01 4.850000000000000000e+01 9.400000000000000000e+01
8.077300000000000182e+02 4.825000000000000000e+01 4.350000000000000000e+01 5.025000000000000000e+01 1.002500000000000000e+02
8.077500000000000000e+02 5.125000000000000000e+01 4.675000000000000000e+01 4.475000000000000000e+01 1.047500000000000000e+02
8.077699999999999818e+02 5.300000000000000000e+01 4.100000000000000000e+01 4.750000000000000000e+01 1.017500000000000000e+02
8.077899999999999636e+02 4.875000000000000000e+01 4.325000000000000000e+01 4.175000000000000000e+01 9.575000000000000000e+01
8.078100000000000591e+02 4.825000000000000000e+01 5.075000000000000000e+01 4.050000000000000000e+01 8.525000000000000000e+01
8.078300000000000409e+02 5.000000000000000000e+01 4.850000000000000000e+01 4.750000000000000000e+01 8.825000000000000000e+01
8.078500000000000227e+02 4.500000000000000000e+01 4.550000000000000000e+01 4.075000000000000000e+01 9.775000000000000000e+01
8.078700000000000045e+02 5.350000000000000000e+01 4.050000000000000000e+01 4.725000000000000000e+01 9.250000000000000000e+01
8.078899999999999864e+02 4.375000000000000000e+01 4.550000000000000000e+01 5.125000000000000000e+01 9.600000000000000000e+01
8.079099999999999682e+02 5.575000000000000000e+01 4.675000000000000000e+01 3.950000000000000000e+01 1.042500000000000000e+02
8.079300000000000637e+02 4.925000000000000000e+01 4.875000000000000000e+01 5.025000000000000000e+01 7.900000000000000000e+01
8.079500000000000455e+02 5.425000000000000000e+01 5.275000000000000000e+01 4.600000000000000000e+01 1.022500000000000000e+02
8.079700000000000273e+02 5.475000000000000000e+01 4.400000000000000000e+01 4.225000000000000000e+01 9.250000000000000000e+01
8.079900000000000091e+02 5.025000000000000000e+01 4.400000000000000000e+01 4.550000000000000000e+01 8.500000000000000000e+01
8.080099999999999909e+02 4.425000000000000000e+01 4.800000000000000000e+01 4.550000000000000000e+01 9.500000000000000000e+01
8.080299999999999727e+02 4.150000000000000000e+01 4.675000000000000000e+01 5.050000000000000000e+01 1.070000000000000000e+02
8.080500000000000682e+02 5.450000000000000000e+01 4.400000000000000000e+01 4.250000000000000000e+01 1.010000000000000000e+02
8.080700000000000500e+02 5.475000000000000000e+01 5.375000000000000000e+01 4.825000000000000000e+01 1.022500000000000000e+02
8.080900000000000318e+02 4.875000000000000000e+01 4.650000000000000000e+01 4.975000000000000000e+01 9.800000000000000000e+01
8.081100000000000136e+02 4.625000000000000000e+01 4.525000000000000000e+01 4.350000000000000000e+01 9.900000000000000000e+01
8.081299999999999955e+02 5.325000000000000000e+01 5.025000000000000000e+01 4.775000000000000000e+01 9.000000000000000000e+01
8.081499999999999773e+02 5.125000000000000000e+01 4.275000000000000000e+01 5.075000000000000000e+01 8.925000000000000000e+01
8.081700000000000728e+02 5.050000000000000000e+01 5.100000000000000000e+01 4.850000000000000000e+01 8.750000000000000000e+01
8.081900000000000546e+02 5.175000000000000000e+01 5.175000000000000000e+01 4.275000000000000000e+01 9.925000000000000000e+01
8.082100000000000364e+02 5.025000000000000000e+01 4.225000000000000000e+01 4.650000000000000000e+01 1.065000000000000000e+02
8.082300000000000182e+02 4.800000000000000000e+01 5.025000000000000000e+01 5.075000000000000000e+01 9.525000000000000000e+01
8.082500000000000000e+02 5.125000000000000000e+01 4.950000000000000000e+01 4.450000000000000000e+01 9.800000000000000000e+01
8.082699999999999818e+02 4.775000000000000000e+01 3.825000000000000000e+01 4.450000000000000000e+01 1.040000000000000000e+02
8.082899999999999636e+02 5.525000000000000000e+01 4.725000000000000000e+01 4.700000000000000000e+01 9.275000000000000000e+01
8.083100000000000591e+02 5.675000000000000000e+01 5.025000000000000000e+01 4.500000000000000000e+01 9.100000000000000000e+01
8.083300000000000409e+02 5.050000000000000000e+01 4.300000000000000000e+01 4.150000000000000000e+01 1.002500000000000000e+02
8.083500000000000227e+02 5.300000000000000000e+01 4.550000000000000000e+01 4.275000000000000000e+01 9.775000000000000000e+01
8.083700000000000045e+02 5.375000000000000000e+01 4.250000000000000000e+01 4.975000000000000000e+01 9.475000000000000000e+01
8.083899999999999864e+02 5.625000000000000000e+01 4.550000000000000000e+01 5.450000000000000000e+01 8.500000000000000000e+01
8.084099999999999682e+02 5.125000000000000000e+01 5.500000000000000000e+01 5.925000000000000000e+01 7.825000000000000000e+01
8.084300000000000637e+02 5.250000000000000000e+01 4.650000000000000000e+01 4.775000000000000000e+01 9.875000000000000000e+01
8.084500000000000455e+02 5.600000000000000000e+01 5.425000000000000000e+01 5.200000000000000000e+01 8.700000000000000000e+01
8.084700000000000273e+02 5.625000000000000000e+01 4.375000000000000000e+01 4.975000000000000000e+01 9.800000000000000000e+01
8.084900000000000091e+02 5.175000000000000000e+01 4.625000000000000000e+01 4.525000000000000000e+01 9.650000000000000000e+01
8.085099999999999909e+02 5.450000000000000000e+01 4.475000000000000000e+01 4.500000000000000000e+01 8.950000000000000000e+01
8.085299999999999727e+02 5.075000000000000000e+01 4.700000000000000000e+01 4.750000000000000000e+01 9.550000000000000000e+01
8.085500000000000682e+02 5.350000000000000000e+01 6.450000000000000000e+01 5.400000000000000000e+01 8.475000000000000000e+01
8.085700000000000500e+02 5.575000000000000000e+01 5.900000000000000000e+01 5.475000000000000000e+01 8.150000000000000000e+01
8.085900000000000318e+02 5.025000000000000000e+01 4.525000000000000000e+01 4.400000000000000000e+01 9.875000000000000000e+01
8.086100000000000136e+02 5.450000000000000000e+01 4.975000000000000000e+01 4.375000000000000000e+01 9.350000000000000000e+01
8.086299999999999955e+02 5.150000000000000000e+01 4.800000000000000000e+01 4.500000000000000000e+01 1.042500000000000000e+02
8.086499999999999773e+02 5.100000000000000000e+01 5.550000000000000000e+01 5.350000000000000000e+01 7.975000000000000000e+01
8.086700000000000728e+02 6.000000000000000000e+01 8.700000000000000000e+01 6.650000000000000000e+01 5.800000000000000000e+01
8.086900000000000546e+02 4.875000000000000000e+01 7.000000000000000000e+01 5.150000000000000000e+01 7.525000000000000000e+01
8.087100000000000364e+02 4.650000000000000000e+01 4.725000000000000000e+01 5.050000000000000000e+01 9.825000000000000000e+01
8.087300000000000182e+02 5.050000000000000000e+01 5.975000000000000000e+01 4.825000000000000000e+01 8.150000000000000000e+01
8.087500000000000000e+02 5.250000000000000000e+01 5.925000000000000000e+01 5.075000000000000000e+01 8.100000000000000000e+01
8.087699999999999818e+02 5.400000000000000000e+01 4.550000000000000000e+01 4.875000000000000000e+01 1.020000000000000000e+02
8.087899999999999636e+02 5.075000000000000000e+01 4.675000000000000000e+01 4.225000000000000000e+01 1.055000000000000000e+02
8.088100000000000591e+02 5.200000000000000000e+01 5.825000000000000000e+01 5.300000000000000000e+01 8.675000000000000000e+01
8.088300000000000409e+02 5.575000000000000000e+01 6.325000000000000000e+01 4.750000000000000000e+01 8.325000000000000000e+01
8.088500000000000227e+02 5.400000000000000000e+01 6.250000000000000000e+01 5.700000000000000000e+01 8.325000000000000000e+01
8.088700000000000045e+02 3.900000000000000000e+01 7.400000000000000000e+01 5.850000000000000000e+01 6.675000000000000000e+01
8.088899999999999864e+02 4.725000000000000000e+01 5.975000000000000000e+01 4.700000000000000000e+01 8.250000000000000000e+01
8.089099999999999682e+02 5.100000000000000000e+01 4.850000000000000000e+01 3.875000000000000000e+01 1.020000000000000000e+02
8.089300000000000637e+02 4.850000000000000000e+01 5.875000000000000000e+01 4.850000000000000000e+01 8.375000000000000000e+01
8.089500000000000455e+02 5.275000000000000000e+01 4.850000000000000000e+01 5.125000000000000000e+01 9.325000000000000000e+01
8.089700000000000273e+02 5.725000000000000000e+01 4.700000000000000000e+01 4.425000000000000000e+01 9.350000000000000000e+01
8.089900000000000091e+02 5.225000000000000000e+01 5.625000000000000000e+01 4.450000000000000000e+01 8.100000000000000000e+01
8.090099999999999909e+02 5.475000000000000000e+01 5.100000000000000000e+01 4.950000000000000000e+01 1.000000000000000000e+02
8.090299999999999727e+02 4.925000000000000000e+01 5.000000000000000000e+01 5.000000000000000000e+01 9.250000000000000000e+01
8.090500000000000682e+02 5.250000000000000000e+01 5.550000000000000000e+01 4.775000000000000000e+01 9.225000000000000000e+01
8.090700000000000500e+02 4.850000000000000000e+01 4.075000000000000000e+01 4.600000000000000000e+01 1.005000000000000000e+02
8.090900000000000318e+02 4.675000000000000000e+01 4.800000000000000000e+01 4.950000000000000000e+01 1.007500000000000000e+02
8.091100000000000136e+02 5.225000000000000000e+01 4.975000000000000000e+01 4.825000000000000000e+01 9.400000000000000000e+01
8.091299999999999955e+02 5.550000000000000000e+01 4.850000000000000000e+01 4.925000000000000000e+01 9.150000000000000000e+01
8.091499999999999773e+02 5.225000000000000000e+01 6.400000000000000000e+01 5.100000000000000000e+01 9.000000000000000000e+01
8.091700000000000728e+02 5.075000000000000000e+01 5.650000000000000000e+01 5.300000000000000000e+01 8.275000000000000000e+01
8.091900000000000546e+02 5.350000000000000000e+01 5.275000000000000000e+01 4.575000000000000000e+01 1.070000000000000000e+02
8.092100000000000364e+02 5.100000000000000000e+01 5.000000000000000000e+01 4.875000000000000000e+01 1.040000000000000000e+02
8.092300000000000182e+02 5.050000000000000000e+01 4.375000000000000000e+01 4.525000000000000000e+01 1.090000000000000000e+02
8.092500000000000000e+02 5.050000000000000000e+01 4.925000000000000000e+01 5.075000000000000000e+01 1.010000000000000000e+02
8.092699999999999818e+02 6.000000000000000000e+01 5.400000000000000000e+01 5.075000000000000000e+01 9.525000000000000000e+01
8.092899999999999636e+02 4.775000000000000000e+01 4.825000000000000000e+01 5.000000000000000000e+01 1.002500000000000000e+02
8.093100000000000591e+02 4.850000000000000000e+01 4.775000000000000000e+01 5.050000000000000000e+01 8.650000000000000000e+01
8.093300000000000409e+02 5.600000000000000000e+01 5.725000000000000000e+01 4.800000000000000000e+01 8.950000000000000000e+01
8.093500000000000227e+02 5.300000000000000000e+01 5.150000000000000000e+01 5.175000000000000000e+01 1.045000000000000000e+02
8.093700000000000045e+02 5.200000000000000000e+01 5.100000000000000000e+01 5.050000000000000000e+01 1.072500000000000000e+02
8.093899999999999864e+02 5.425000000000000000e+01 5.075000000000000000e+01 5.375000000000000000e+01 1.000000000000000000e+02
8.094099999999999682e+02 5.600000000000000000e+01 5.075000000000000000e+01 5.250000000000000000e+01 1.002500000000000000e+02
8.094300000000000637e+02 5.550000000000000000e+01 4.575000000000000000e+01 6.000000000000000000e+01 9.150000000000000000e+01
8.094500000000000455e+02 5.650000000000000000e+01 5.300000000000000000e+01 4.925000000000000000e+01 1.045000000000000000e+02
8.094700000000000273e+02 4.575000000000000000e+01 5.125000000000000000e+01 4.750000000000000000e+01 9.425000000000000000e+01
8.094900000000000091e+02 4.875000000000000000e+01 4.700000000000000000e+01 4.750000000000000000e+01 1.007500000000000000e+02
8.095099999999999909e+02 5.500000000000000000e+01 5.125000000000000000e+01 4.675000000000000000e+01 1.052500000000000000e+02
8.095299999999999727e+02 5.550000000000000000e+01 4.975000000000000000e+01 5.400000000000000000e+01 1.015000000000000000e+02
8.095500000000000682e+02 5.300000000000000000e+01 4.975000000000000000e+01 5.000000000000000000e+01 9.975000000000000000e+01
8.095700000000000500e+02 5.925000000000000000e+01 4.650000000000000000e+01 5.400000000000000000e+01 9.925000000000000000e+01
8.095900000000000318e+02 5.725000000000000000e+01 4.575000000000000000e+01 4.950000000000000000e+01 1.055000000000000000e+02
8.096100000000000136e+02 5.025000000000000000e+01 4.550000000000000000e+01 4.925000000000000000e+01 9.900000000000000000e+01
8.096299999999999955e+02 5.250000000000000000e+01 4.175000000000000000e+01 4.875000000000000000e+01 1.005000000000000000e+02
8.096499999999999773e+02 5.700000000000000000e+01 4.475000000000000000e+01 5.075000000000000000e+01 1.090000000000000000e+02
8.096700000000000728e+02 5.100000000000000000e+01 5.275000000000000000e+01 4.725000000000000000e+01 1.007500000000000000e+02
8.096900000000000546e+02 5.050000000000000000e+01 4.975000000000000000e+01 5.225000000000000000e+01 9.025000000000000000e+01
8.097100000000000364e+02 4.450000000000000000e+01 6.150000000000000000e+01 5.800000000000000000e+01 8.625000000000000000e+01
8.097300000000000182e+02 5.150000000000000000e+01 4.650000000000000000e+01 5.025000000000000000e+01 1.035000000000000000e+02
8.097500000000000000e+02 5.675000000000000000e+01 5.125000000000000000e+01 5.550000000000000000e+01 1.127500000000000000e+02
8.097699999999999818e+02 4.925000000000000000e+01 5.075000000000000000e+01 4.975000000000000000e+01 1.067500000000000000e+02
8.097899999999999636e+02 5.400000000000000000e+01 5.400000000000000000e+01 4.875000000000000000e+01 9.875000000000000000e+01
8.098100000000000591e+02 5.400000000000000000e+01 4.900000000000000000e+01 4.875000000000000000e+01 1.052500000000000000e+02
8.098300000000000409e+02 5.225000000000000000e+01 4.525000000000000000e+01 4.675000000000000000e+01 9.950000000000000000e+01
8.098500000000000227e+02 5.550000000000000000e+01 4.900000000000000000e+01 4.950000000000000000e+01 1.057500000000000000e+02
8.098700000000000045e+02 5.200000000000000000e+01 5.250000000000000000e+01 4.775000000000000000e+01 1.052500000000000000e+02
8.098899999999999864e+02 5.500000000000000000e+01 5.450000000000000000e+01 4.875000000000000000e+01 9.325000000000000000e+01
8.099099999999999682e+02 4.775000000000000000e+01 4.575000000000000000e+01 5.150000000000000000e+01 9.100000000000000000e+01
8.099300000000000637e+02 4.925000000000000000e+01 6.425000000000000000e+01 5.500000000000000000e+01 8.550000000000000000e+01
8.099500000000000455e+02 5.875000000000000000e+01 5.125000000000000000e+01 5.050000000000000000e+01 1.055000000000000000e+02
8.099700000000000273e+02 4.975000000000000000e+01 5.075000000000000000e+01 5.000000000000000000e+01 9.225000000000000000e+01
8.099900000000000091e+02 5.550000000000000000e+01 4.400000000000000000e+01 4.675000000000000000e+01 1.042500000000000000e+02
8.100099999999999909e+02 5.050000000000000000e+01 4.625000000000000000e+01 5.350000000000000000e+01 9.075000000000000000e+01
8.100299999999999727e+02 5.375000000000000000e+01 4.500000000000000000e+01 4.900000000000000000e+01 1.140000000000000000e+02
8.100500000000000682e+02 4.825000000000000000e+01 4.700000000000000000e+01 4.400000000000000000e+01 9.700000000000000000e+01
8.100700000000000500e+02 5.450000000000000000e+01 4.575000000000000000e+01 4.400000000000000000e+01 1.045000000000000000e+02
8.100900000000000318e+02 5.550000000000000000e+01 4.000000000000000000e+01 5.200000000000000000e+01 1.000000000000000000e+02
8.101100000000000136e+02 5.200000000000000000e+01 5.475000000000000000e+01 4.600000000000000000e+01 9.400000000000000000e+01
8.101299999999999955e+02 5.425000000000000000e+01 4.975000000000000000e+01 4.875000000000000000e+01 9.200000000000000000e+01
8.101499999999999773e+02 5.275000000000000000e+01 5.925000000000000000e+01 5.850000000000000000e+01 8.725000000000000000e+01
8.101700000000000728e+02 4.350000000000000000e+01 5.025000000000000000e+01 5.100000000000000000e+01 1.042500000000000000e+02
8.101900000000000546e+02 5.250000000000000000e+01 4.550000000000000000e+01 4.775000000000000000e+01 1.070000000000000000e+02
8.102100000000000364e+02 5.100000000000000000e+01 4.675000000000000000e+01 4.450000000000000000e+01 1.022500000000000000e+02
8.102300000000000182e+02 5.725000000000000000e+01 4.800000000000000000e+01 5.150000000000000000e+01 9.475000000000000000e+01
8.102500000000000000e+02 5.050000000000000000e+01 5.675000000000000000e+01 6.200000000000000000e+01 9.600000000000000000e+01
8.102699999999999818e+02 4.625000000000000000e+01 4.575000000000000000e+01 4.850000000000000000e+01 1.072500000000000000e+02
8.102899999999999636e+02 4.875000000000000000e+01 5.425000000000000000e+01 5.725000000000000000e+01 1.010000000000000000e+02
8.103100000000000591e+02 5.275000000000000000e+01 5.300000000000000000e+01 5.000000000000000000e+01 1.040000000000000000e+02
8.103300000000000409e+02 5.625000000000000000e+01 4.650000000000000000e+01 4.575000000000000000e+01 9.975000000000000000e+01
8.103500000000000227e+02 4.900000000000000000e+01 4.475000000000000000e+01 5.025000000000000000e+01 9.450000000000000000e+01
8.103700000000000045e+02 5.775000000000000000e+01 4.950000000000000000e+01 4.525000000000000000e+01 1.090000000000000000e+02
8.103899999999999864e+02 4.875000000000000000e+01 4.750000000000000000e+01 4.650000000000000000e+01 9.375000000000000000e+01
8.104099999999999682e+02 5.350000000000000000e+01 5.900000000000000000e+01 4.400000000000000000e+01 9.050000000000000000e+01
8.104300000000000637e+02 5.600000000000000000e+01 4.875000000000000000e+01 4.950000000000000000e+01 9.825000000000000000e+01
8.104500000000000455e+02 5.550000000000000000e+01 5.100000000000000000e+01 4.975000000000000000e+01 9.675000000000000000e+01
8.104700000000000273e+02 5.000000000000000000e+01 4.675000000000000000e+01 5.500000000000000000e+01 1.005000000000000000e+02
8.104900000000000091e+02 5.700000000000000000e+01 5.050000000000000000e+01 5.325000000000000000e+01 1.050000000000000000e+02
8.105099999999999909e+02 4.900000000000000000e+01 4.950000000000000000e+01 4.700000000000000000e+01 1.062500000000000000e+02
8.105299999999999727e+02 5.225000000000000000e+01 5.600000000000000000e+01 5.550000000000000000e+01 1.015000000000000000e+02
8.105500000000000682e+02 4.875000000000000000e+01 5.825000000000000000e+01 5.675000000000000000e+01 8.525000000000000000e+01
8.105700000000000500e+02 5.525000000000000000e+01 5.575000000000000000e+01 4.900000000000000000e+01 8.925000000000000000e+01
8.105900000000000318e+02 5.675000000000000000e+01 5.000000000000000000e+01 4.725000000000000000e+01 1.000000000000000000e+02
8.106100000000000136e+02 4.850000000000000000e+01 4.300000000000000000e+01 5.375000000000000000e+01 9.950000000000000000e+01
8.106299999999999955e+02 5.125000000000000000e+01 4.700000000000000000e+01 4.850000000000000000e+01 1.015000000000000000e+02
8.106499999999999773e+02 5.075000000000000000e+01 4.600000000000000000e+01 4.800000000000000000e+01 1.015000000000000000e+02
8.106700000000000728e+02 5.000000000000000000e+01 4.775000000000000000e+01 4.725000000000000000e+01 1.052500000000000000e+02
8.106900000000000546e+02 4.850000000000000000e+01 5.000000000000000000e+01 4.925000000000000000e+01 9.650000000000000000e+01
8.107100000000000364e+02 5.700000000000000000e+01 5.050000000000000000e+01 7.675000000000000000e+01 7.275000000000000000e+01
8.107300000000000182e+02 5.325000000000000000e+01 4.600000000000000000e+01 5.725000000000000000e+01 9.625000000000000000e+01
8.107500000000000000e+02 4.875000000000000000e+01 4.925000000000000000e+01 4.375000000000000000e+01 1.012500000000000000e+02
8.107699999999999818e+02 5.450000000000000000e+01 4.750000000000000000e+01 5.375000000000000000e+01 7.925000000000000000e+01
8.107899999999999636e+02 4.800000000000000000e+01 4.400000000000000000e+01 5.125000000000000000e+01 8.825000000000000000e+01
8.108100000000000591e+02 5.350000000000000000e+01 4.900000000000000000e+01 4.100000000000000000e+01 1.012500000000000000e+02
8.108300000000000409e+02 5.225000000000000000e+01 4.200000000000000000e+01 4.875000000000000000e+01 9.750000000000000000e+01
8.108500000000000227e+02 4.750000000000000000e+01 4.800000000000000000e+01 3.950000000000000000e+01 8.775000000000000000e+01
8.108700000000000045e+02 5.250000000000000000e+01 6.400000000000000000e+01 4.825000000000000000e+01 8.575000000000000000e+01
8.108899999999999864e+02 5.550000000000000000e+01 4.825000000000000000e+01 4.350000000000000000e+01 9.975000000000000000e+01
8.109099999999999682e+02 4.475000000000000000e+01 4.725000000000000000e+01 4.025000000000000000e+01 9.800000000000000000e+01
8.109300000000000637e+02 5.100000000000000000e+01 4.350000000000000000e+01 4.225000000000000000e+01 1.017500000000000000e+02
8.109500000000000455e+02 5.025000000000000000e+01 3.925000000000000000e+01 4.375000000000000000e+01 1.025000000000000000e+02
8.109700000000000273e+02 4.925000000000000000e+01 4.625000000000000000e+01 4.800000000000000000e+01 9.275000000000000000e+01
8.109900000000000091e+02 5.075000000000000000e+01 4.175000000000000000e+01 4.875000000000000000e+01 8.650000000000000000e+01
8.110099999999999909e+02 4.750000000000000000e+01 4.775000000000000000e+01 4.225000000000000000e+01 1.007500000000000000e+02
8.110299999999999727e+02 5.175000000000000000e+01 4.400000000000000000e+01 5.025000000000000000e+01 9.700000000000000000e+01
8.110500000000000682e+02 5.700000000000000000e+01 4.150000000000000000e+01 5.550000000000000000e+01 7.925000000000000000e+01
8.110700000000000500e+02 5.625000000000000000e+01 4.775000000000000000e+01 4.450000000000000000e+01 9.625000000000000000e+01
8.110900000000000318e+02 4.575000000000000000e+01 5.050000000000000000e+01 4.375000000000000000e+01 9.200000000000000000e+01
8.111100000000000136e+02 5.425000000000000000e+01 4.800000000000000000e+01 4.200000000000000000e+01 9.525000000000000000e+01
8.111299999999999955e+02 4.675000000000000000e+01 4.950000000000000000e+01 4.375000000000000000e+01 9.025000000000000000e+01
8.111499999999999773e+02 5.125000000000000000e+01 4.675000000000000000e+01 4.275000000000000000e+01 1.015000000000000000e+02
8.111700000000000728e+02 5.300000000000000000e+01 5.100000000000000000e+01 5.000000000000000000e+01 1.000000000000000000e+02
8.111900000000000546e+02 5.275000000000000000e+01 4.425000000000000000e+01 5.175000000000000000e+01 1.005000000000000000e+02
8.112100000000000364e+02 4.525000000000000000e+01 4.500000000000000000e+01 4.450000000000000000e+01 1.015000000000000000e+02
8.112300000000000182e+02 4.700000000000000000e+01 4.350000000000000000e+01 4.800000000000000000e+01 1.020000000000000000e+02
8.112500000000000000e+02 4.400000000000000000e+01 5.000000000000000000e+01 4.700000000000000000e+01 1.007500000000000000e+02
8.112699999999999818e+02 5.225000000000000000e+01 4.725000000000000000e+01 4.625000000000000000e+01 9.950000000000000000e+01
8.112899999999999636e+02 4.650000000000000000e+01 4.075000000000000000e+01 4.475000000000000000e+01 9.475000000000000000e+01
8.113100000000000591e+02 4.800000000000000000e+01 4.575000000000000000e+01 4.850000000000000000e+01 1.002500000000000000e+02
8.113300000000000409e+02 5.200000000000000000e+01 6.100000000000000000e+01 4.950000000000000000e+01 8.075000000000000000e+01
8.113500000000000227e+02 4.700000000000000000e+01 3.875000000000000000e+01 4.750000000000000000e+01 9.150000000000000000e+01
8.113700000000000045e+02 4.950000000000000000e+01 4.200000000000000000e+01 4.225000000000000000e+01 1.035000000000000000e+02
8.113899999999999864e+02 4.575000000000000000e+01 4.150000000000000000e+01 4.450000000000000000e+01 1.035000000000000000e+02
8.114099999999999682e+02 4.450000000000000000e+01 4.075000000000000000e+01 4.900000000000000000e+01 1.065000000000000000e+02
8.114300000000000637e+02 5.625000000000000000e+01 4.150000000000000000e+01 4.600000000000000000e+01 9.725000000000000000e+01
8.114500000000000455e+02 5.500000000000000000e+01 4.375000000000000000e+01 4.925000000000000000e+01 9.200000000000000000e+01
