8.074500000000000455e+02 5.242857142857143060e+01 4.942857142857143060e+01 5.128571428571428470e+01 1.055714285714285694e+02
8.074700000000000273e+02 5.285714285714285410e+01 4.485714285714285410e+01 4.614285714285714590e+01 9.714285714285713880e+01
8.074900000000000091e+02 5.342857142857143060e+01 4.557142857142856940e+01 4.942857142857143060e+01 9.471428571428570820e+01
8.075099999999999909e+02 5.028571428571428470e+01 5.871428571428571530e+01 4.885714285714285410e+01 8.657142857142856940e+01
8.075299999999999727e+02 4.700000000000000000e+01 4.314285714285714590e+01 4.357142857142856940e+01 9.514285714285713880e+01
8.075500000000000682e+02 5.328571428571428470e+01 4.671428571428571530e+01 4.828571428571428470e+01 9.714285714285713880e+01
8.075700000000000500e+02 5.257142857142856940e+01 4.857142857142856940e+01 4.571428571428571530e+01 9.000000000000000000e+01
8.075900000000000318e+02 5.157142857142856940e+01 4.528571428571428470e+01 4.814285714285714590e+01 9.471428571428570820e+01
8.076100000000000136e+02 4.728571428571428470e+01 4.742857142857143060e+01 4.414285714285714590e+01 9.814285714285713880e+01
8.076299999999999955e+02 5.271428571428571530e+01 4.742857142857143060e+01 4.828571428571428470e+01 9.671428571428570820e+01
8.076499999999999773e+02 4.942857142857143060e+01 4.871428571428571530e+01 5.042857142857143060e+01 9.471428571428570820e+01
8.076700000000000728e+02 5.500000000000000000e+01 4.785714285714285410e+01 4.628571428571428470e+01 9.985714285714286120e+01
8.076900000000000546e+02 5.014285714285714590e+01 4.642857142857143060e+01 4.914285714285714590e+01 8.971428571428570820e+01
8.077100000000000364e+02 4.914285714285714590e+01 4.571428571428571530e+01 4.385714285714285410e+01 9.071428571428570820e+01
8.077300000000000182e+02 5.471428571428571530e+01 4.742857142857143060e+01 4.800000000000000000e+01 9.828571428571429180e+01
8.077500000000000000e+02 4.900000000000000000e+01 5.071428571428571530e+01 5.671428571428571530e+01 9.228571428571429180e+01
8.077699999999999818e+02 5.442857142857143060e+01 4.728571428571428470e+01 4.800000000000000000e+01 9.757142857142856940e+01
8.077899999999999636e+02 4.714285714285714590e+01 4.800000000000000000e+01 4.728571428571428470e+01 1.052857142857142918e+02
8.078100000000000591e+02 5.271428571428571530e+01 4.600000000000000000e+01 4.657142857142856940e+01 9.371428571428570820e+01
8.078300000000000409e+02 4.957142857142856940e+01 4.728571428571428470e+01 4.557142857142856940e+01 1.025714285714285694e+02
8.078500000000000227e+02 5.385714285714285410e+01 5.842857142857143060e+01 5.071428571428571530e+01 9.485714285714286120e+01
8.078700000000000045e+02 4.857142857142856940e+01 6.371428571428571530e+01 4.942857142857143060e+01 8.600000000000000000e+01
8.078899999999999864e+02 5.628571428571428470e+01 4.757142857142856940e+01 4.757142857142856940e+01 9.342857142857143060e+01
8.079099999999999682e+02 5.442857142857143060e+01 4.785714285714285410e+01 4.185714285714285410e+01 1.021428571428571388e+02
8.079300000000000637e+02 5.442857142857143060e+01 4.771428571428571530e+01 4.528571428571428470e+01 9.885714285714286120e+01
8.079500000000000455e+02 4.585714285714285410e+01 4.557142857142856940e+01 5.428571428571428470e+01 9.500000000000000000e+01
8.079700000000000273e+02 4.914285714285714590e+01 5.342857142857143060e+01 4.985714285714285410e+01 9.157142857142856940e+01
8.079900000000000091e+02 4.771428571428571530e+01 4.771428571428571530e+01 5.000000000000000000e+01 9.614285714285713880e+01
8.080099999999999909e+02 4.971428571428571530e+01 4.828571428571428470e+01 5.342857142857143060e+01 1.032857142857142918e+02
8.080299999999999727e+02 5.157142857142856940e+01 4.700000000000000000e+01 4.400000000000000000e+01 9.614285714285713880e+01
8.080500000000000682e+02 5.500000000000000000e+01 4.500000000000000000e+01 4.585714285714285410e+01 9.500000000000000000e+01
8.080700000000000500e+02 5.100000000000000000e+01 5.028571428571428470e+01 4.442857142857143060e+01 9.000000000000000000e+01
8.080900000000000318e+02 5.385714285714285410e+01 5.157142857142856940e+01 4.357142857142856940e+01 9.614285714285713880e+01
8.081100000000000136e+02 5.271428571428571530e+01 5.142857142857143060e+01 4.628571428571428470e+01 1.004285714285714306e+02
8.081299999999999955e+02 5.642857142857143060e+01 5.157142857142856940e+01 4.971428571428571530e+01 9.257142857142856940e+01
8.081499999999999773e+02 4.842857142857143060e+01 5.314285714285714590e+01 4.757142857142856940e+01 9.042857142857143060e+01
8.081700000000000728e+02 5.142857142857143060e+01 4.885714285714285410e+01 4.671428571428571530e+01 9.628571428571429180e+01
8.081900000000000546e+02 5.271428571428571530e+01 5.585714285714285410e+01 4.814285714285714590e+01 9.185714285714286120e+01
8.082100000000000364e+02 5.642857142857143060e+01 4.771428571428571530e+01 4.657142857142856940e+01 9.457142857142856940e+01
8.082300000000000182e+02 5.414285714285714590e+01 4.971428571428571530e+01 4.557142857142856940e+01 9.700000000000000000e+01
8.082500000000000000e+02 5.214285714285714590e+01 4.885714285714285410e+01 4.814285714285714590e+01 9.257142857142856940e+01
8.082699999999999818e+02 5.414285714285714590e+01 5.128571428571428470e+01 4.971428571428571530e+01 9.628571428571429180e+01
8.082899999999999636e+02 4.942857142857143060e+01 6.200000000000000000e+01 4.785714285714285410e+01 8.357142857142856940e+01
8.083100000000000591e+02 5.314285714285714590e+01 6.985714285714286120e+01 5.228571428571428470e+01 6.314285714285714590e+01
8.083300000000000409e+02 5.285714285714285410e+01 7.557142857142856940e+01 5.042857142857143060e+01 6.585714285714286120e+01
8.083500000000000227e+02 5.142857142857143060e+01 7.014285714285713880e+01 6.014285714285714590e+01 6.985714285714286120e+01
8.083700000000000045e+02 5.000000000000000000e+01 6.357142857142856940e+01 4.828571428571428470e+01 7.885714285714286120e+01
8.083899999999999864e+02 5.314285714285714590e+01 8.185714285714286120e+01 5.671428571428571530e+01 6.328571428571428470e+01
8.084099999999999682e+02 5.085714285714285410e+01 7.942857142857143060e+01 5.628571428571428470e+01 5.300000000000000000e+01
8.084300000000000637e+02 5.471428571428571530e+01 8.300000000000000000e+01 6.042857142857143060e+01 5.157142857142856940e+01
8.084500000000000455e+02 5.457142857142856940e+01 7.628571428571429180e+01 5.600000000000000000e+01 7.014285714285713880e+01
8.084700000000000273e+02 5.428571428571428470e+01 7.957142857142856940e+01 4.957142857142856940e+01 6.428571428571429180e+01
8.084900000000000091e+02 4.928571428571428470e+01 7.271428571428570820e+01 4.842857142857143060e+01 7.571428571428570820e+01
8.085099999999999909e+02 5.242857142857143060e+01 5.185714285714285410e+01 4.728571428571428470e+01 9.085714285714286120e+01
8.085299999999999727e+02 4.842857142857143060e+01 4.771428571428571530e+01 4.728571428571428470e+01 9.071428571428570820e+01
8.085500000000000682e+02 5.028571428571428470e+01 5.300000000000000000e+01 4.671428571428571530e+01 8.700000000000000000e+01
8.085700000000000500e+02 4.657142857142856940e+01 4.585714285714285410e+01 5.142857142857143060e+01 9.557142857142856940e+01
8.085900000000000318e+02 5.242857142857143060e+01 6.414285714285713880e+01 5.057142857142856940e+01 7.600000000000000000e+01
8.086100000000000136e+02 5.214285714285714590e+01 5.728571428571428470e+01 5.114285714285714590e+01 9.285714285714286120e+01
8.086299999999999955e+02 5.600000000000000000e+01 7.014285714285713880e+01 5.842857142857143060e+01 6.500000000000000000e+01
8.086499999999999773e+02 5.100000000000000000e+01 7.842857142857143060e+01 5.900000000000000000e+01 6.157142857142856940e+01
8.086700000000000728e+02 4.757142857142856940e+01 6.900000000000000000e+01 5.242857142857143060e+01 7.342857142857143060e+01
8.086900000000000546e+02 5.428571428571428470e+01 4.585714285714285410e+01 4.542857142857143060e+01 9.814285714285713880e+01
8.087100000000000364e+02 5.500000000000000000e+01 4.328571428571428470e+01 4.928571428571428470e+01 9.557142857142856940e+01
8.087300000000000182e+02 5.214285714285714590e+01 4.814285714285714590e+01 4.942857142857143060e+01 9.114285714285713880e+01
8.087500000000000000e+02 5.171428571428571530e+01 6.157142857142856940e+01 5.014285714285714590e+01 8.314285714285713880e+01
8.087699999999999818e+02 5.157142857142856940e+01 5.971428571428571530e+01 4.914285714285714590e+01 8.285714285714286120e+01
8.087899999999999636e+02 5.600000000000000000e+01 5.814285714285714590e+01 5.400000000000000000e+01 9.000000000000000000e+01
8.088100000000000591e+02 5.114285714285714590e+01 4.485714285714285410e+01 4.942857142857143060e+01 9.457142857142856940e+01
8.088300000000000409e+02 5.657142857142856940e+01 5.242857142857143060e+01 4.885714285714285410e+01 9.557142857142856940e+01
8.088500000000000227e+02 5.514285714285714590e+01 4.300000000000000000e+01 4.800000000000000000e+01 9.971428571428570820e+01
8.088700000000000045e+02 5.157142857142856940e+01 4.842857142857143060e+01 4.928571428571428470e+01 1.040000000000000000e+02
8.088899999999999864e+02 4.971428571428571530e+01 6.042857142857143060e+01 5.128571428571428470e+01 8.428571428571429180e+01
8.089099999999999682e+02 5.528571428571428470e+01 6.271428571428571530e+01 5.500000000000000000e+01 8.457142857142856940e+01
8.089300000000000637e+02 5.600000000000000000e+01 5.342857142857143060e+01 5.100000000000000000e+01 9.457142857142856940e+01
8.089500000000000455e+02 5.328571428571428470e+01 4.442857142857143060e+01 4.814285714285714590e+01 9.871428571428570820e+01
8.089700000000000273e+02 5.300000000000000000e+01 4.671428571428571530e+01 5.028571428571428470e+01 1.004285714285714306e+02
8.089900000000000091e+02 5.442857142857143060e+01 4.200000000000000000e+01 4.700000000000000000e+01 1.042857142857142918e+02
8.090099999999999909e+02 5.857142857142856940e+01 5.342857142857143060e+01 5.242857142857143060e+01 8.842857142857143060e+01
8.090299999999999727e+02 5.285714285714285410e+01 5.928571428571428470e+01 4.814285714285714590e+01 8.528571428571429180e+01
8.090500000000000682e+02 5.314285714285714590e+01 5.271428571428571530e+01 4.442857142857143060e+01 1.084285714285714306e+02
8.090700000000000500e+02 5.357142857142856940e+01 4.700000000000000000e+01 5.071428571428571530e+01 9.900000000000000000e+01
8.090900000000000318e+02 5.542857142857143060e+01 5.642857142857143060e+01 5.314285714285714590e+01 9.071428571428570820e+01
8.091100000000000136e+02 5.157142857142856940e+01 4.942857142857143060e+01 4.771428571428571530e+01 1.050000000000000000e+02
8.091299999999999955e+02 5.257142857142856940e+01 4.842857142857143060e+01 4.714285714285714590e+01 9.985714285714286120e+01
8.091499999999999773e+02 6.057142857142856940e+01 5.300000000000000000e+01 4.885714285714285410e+01 9.528571428571429180e+01
8.091700000000000728e+02 5.000000000000000000e+01 4.585714285714285410e+01 5.128571428571428470e+01 9.357142857142856940e+01
8.091900000000000546e+02 5.700000000000000000e+01 4.914285714285714590e+01 5.000000000000000000e+01 9.528571428571429180e+01
8.092100000000000364e+02 5.228571428571428470e+01 4.442857142857143060e+01 5.328571428571428470e+01 9.228571428571429180e+01
8.092300000000000182e+02 5.014285714285714590e+01 4.257142857142856940e+01 4.900000000000000000e+01 9.528571428571429180e+01
8.092500000000000000e+02 5.485714285714285410e+01 5.000000000000000000e+01 4.871428571428571530e+01 8.085714285714286120e+01
8.092699999999999818e+02 5.414285714285714590e+01 5.600000000000000000e+01 4.614285714285714590e+01 8.757142857142856940e+01
8.092899999999999636e+02 5.071428571428571530e+01 5.228571428571428470e+01 4.857142857142856940e+01 1.012857142857142918e+02
8.093100000000000591e+02 5.200000000000000000e+01 5.628571428571428470e+01 5.228571428571428470e+01 9.028571428571429180e+01
8.093300000000000409e+02 5.342857142857143060e+01 4.828571428571428470e+01 5.042857142857143060e+01 9.800000000000000000e+01
8.093500000000000227e+02 5.785714285714285410e+01 4.785714285714285410e+01 5.742857142857143060e+01 9.657142857142856940e+01
8.093700000000000045e+02 5.514285714285714590e+01 4.542857142857143060e+01 5.357142857142856940e+01 9.771428571428570820e+01
8.093899999999999864e+02 5.714285714285714590e+01 5.142857142857143060e+01 4.928571428571428470e+01 9.885714285714286120e+01
8.094099999999999682e+02 5.571428571428571530e+01 5.357142857142856940e+01 5.414285714285714590e+01 1.015714285714285694e+02
8.094300000000000637e+02 5.000000000000000000e+01 4.957142857142856940e+01 5.300000000000000000e+01 9.828571428571429180e+01
8.094500000000000455e+02 5.300000000000000000e+01 5.100000000000000000e+01 5.042857142857143060e+01 1.002857142857142918e+02
8.094700000000000273e+02 5.542857142857143060e+01 4.700000000000000000e+01 4.328571428571428470e+01 9.728571428571429180e+01
8.094900000000000091e+02 5.185714285714285410e+01 4.785714285714285410e+01 4.728571428571428470e+01 9.871428571428570820e+01
8.095099999999999909e+02 5.057142857142856940e+01 5.242857142857143060e+01 4.614285714285714590e+01 9.942857142857143060e+01
8.095299999999999727e+02 5.385714285714285410e+01 5.185714285714285410e+01 5.028571428571428470e+01 9.628571428571429180e+01
8.095500000000000682e+02 5.414285714285714590e+01 4.728571428571428470e+01 5.257142857142856940e+01 9.985714285714286120e+01
8.095700000000000500e+02 5.357142857142856940e+01 4.771428571428571530e+01 4.871428571428571530e+01 1.044285714285714306e+02
8.095900000000000318e+02 5.328571428571428470e+01 4.885714285714285410e+01 4.842857142857143060e+01 1.008571428571428612e+02
8.096100000000000136e+02 5.100000000000000000e+01 4.842857142857143060e+01 4.471428571428571530e+01 9.685714285714286120e+01
8.096299999999999955e+02 5.428571428571428470e+01 5.400000000000000000e+01 4.985714285714285410e+01 1.084285714285714306e+02
8.096499999999999773e+02 5.414285714285714590e+01 4.942857142857143060e+01 4.757142857142856940e+01 1.048571428571428612e+02
8.096700000000000728e+02 5.414285714285714590e+01 4.614285714285714590e+01 4.414285714285714590e+01 1.007142857142857082e+02
8.096900000000000546e+02 5.057142857142856940e+01 4.928571428571428470e+01 4.714285714285714590e+01 1.038571428571428612e+02
8.097100000000000364e+02 4.871428571428571530e+01 4.957142857142856940e+01 4.942857142857143060e+01 1.035714285714285694e+02
8.097300000000000182e+02 5.242857142857143060e+01 4.628571428571428470e+01 4.942857142857143060e+01 9.785714285714286120e+01
8.097500000000000000e+02 5.071428571428571530e+01 4.585714285714285410e+01 5.000000000000000000e+01 9.742857142857143060e+01
8.097699999999999818e+02 5.014285714285714590e+01 5.171428571428571530e+01 4.800000000000000000e+01 8.828571428571429180e+01
8.097899999999999636e+02 4.971428571428571530e+01 4.914285714285714590e+01 4.671428571428571530e+01 1.051428571428571388e+02
8.098100000000000591e+02 5.671428571428571530e+01 4.928571428571428470e+01 4.742857142857143060e+01 9.828571428571429180e+01
8.098300000000000409e+02 5.028571428571428470e+01 4.842857142857143060e+01 4.757142857142856940e+01 9.800000000000000000e+01
8.098500000000000227e+02 5.214285714285714590e+01 5.028571428571428470e+01 4.971428571428571530e+01 1.057142857142857082e+02
8.098700000000000045e+02 4.742857142857143060e+01 4.728571428571428470e+01 4.742857142857143060e+01 1.004285714285714306e+02
8.098899999999999864e+02 5.200000000000000000e+01 4.671428571428571530e+01 4.671428571428571530e+01 9.871428571428570820e+01
8.099099999999999682e+02 5.357142857142856940e+01 4.200000000000000000e+01 4.942857142857143060e+01 8.771428571428570820e+01
8.099300000000000637e+02 5.371428571428571530e+01 5.542857142857143060e+01 5.028571428571428470e+01 8.700000000000000000e+01
8.099500000000000455e+02 5.342857142857143060e+01 4.971428571428571530e+01 5.014285714285714590e+01 9.657142857142856940e+01
8.099700000000000273e+02 5.685714285714285410e+01 4.728571428571428470e+01 5.000000000000000000e+01 1.038571428571428612e+02
8.099900000000000091e+02 5.642857142857143060e+01 5.157142857142856940e+01 5.142857142857143060e+01 9.228571428571429180e+01
8.100099999999999909e+02 5.457142857142856940e+01 4.800000000000000000e+01 4.657142857142856940e+01 1.012857142857142918e+02
8.100299999999999727e+02 5.000000000000000000e+01 5.114285714285714590e+01 4.628571428571428470e+01 9.028571428571429180e+01
8.100500000000000682e+02 5.442857142857143060e+01 4.485714285714285410e+01 5.285714285714285410e+01 9.528571428571429180e+01
8.100700000000000500e+02 5.128571428571428470e+01 5.114285714285714590e+01 5.128571428571428470e+01 1.037142857142857082e+02
8.100900000000000318e+02 5.442857142857143060e+01 4.285714285714285410e+01 4.757142857142856940e+01 9.371428571428570820e+01
8.101100000000000136e+02 4.614285714285714590e+01 4.942857142857143060e+01 5.185714285714285410e+01 9.700000000000000000e+01
8.101299999999999955e+02 5.542857142857143060e+01 4.942857142857143060e+01 4.771428571428571530e+01 1.020000000000000000e+02
8.101499999999999773e+02 5.457142857142856940e+01 4.871428571428571530e+01 4.871428571428571530e+01 9.957142857142856940e+01
8.101700000000000728e+02 5.057142857142856940e+01 5.200000000000000000e+01 5.557142857142856940e+01 9.014285714285713880e+01
8.101900000000000546e+02 5.428571428571428470e+01 5.457142857142856940e+01 5.300000000000000000e+01 9.128571428571429180e+01
8.102100000000000364e+02 5.200000000000000000e+01 4.571428571428571530e+01 5.042857142857143060e+01 9.628571428571429180e+01
8.102300000000000182e+02 5.371428571428571530e+01 4.871428571428571530e+01 5.128571428571428470e+01 9.985714285714286120e+01
8.102500000000000000e+02 5.142857142857143060e+01 4.457142857142856940e+01 5.042857142857143060e+01 9.885714285714286120e+01
8.102699999999999818e+02 5.557142857142856940e+01 5.071428571428571530e+01 5.028571428571428470e+01 1.000000000000000000e+02
8.102899999999999636e+02 5.328571428571428470e+01 4.714285714285714590e+01 4.971428571428571530e+01 1.052857142857142918e+02
8.103100000000000591e+02 4.700000000000000000e+01 4.900000000000000000e+01 4.700000000000000000e+01 9.857142857142856940e+01
8.103300000000000409e+02 4.771428571428571530e+01 4.757142857142856940e+01 5.014285714285714590e+01 9.614285714285713880e+01
8.103500000000000227e+02 5.742857142857143060e+01 5.557142857142856940e+01 4.942857142857143060e+01 9.728571428571429180e+01
8.103700000000000045e+02 5.871428571428571530e+01 5.142857142857143060e+01 5.742857142857143060e+01 8.971428571428570820e+01
8.103899999999999864e+02 5.300000000000000000e+01 4.700000000000000000e+01 5.300000000000000000e+01 1.004285714285714306e+02
8.104099999999999682e+02 5.842857142857143060e+01 5.228571428571428470e+01 7.371428571428570820e+01 7.457142857142856940e+01
8.104300000000000637e+02 5.471428571428571530e+01 5.085714285714285410e+01 7.700000000000000000e+01 6.271428571428571530e+01
8.104500000000000455e+02 6.042857142857143060e+01 5.614285714285714590e+01 8.128571428571429180e+01 5.685714285714285410e+01
8.104700000000000273e+02 5.714285714285714590e+01 5.614285714285714590e+01 8.600000000000000000e+01 6.257142857142856940e+01
8.104900000000000091e+02 5.642857142857143060e+01 5.414285714285714590e+01 7.700000000000000000e+01 6.228571428571428470e+01
8.105099999999999909e+02 5.914285714285714590e+01 5.314285714285714590e+01 6.800000000000000000e+01 8.414285714285713880e+01
8.105299999999999727e+02 5.685714285714285410e+01 4.385714285714285410e+01 5.514285714285714590e+01 9.314285714285713880e+01
8.105500000000000682e+02 5.214285714285714590e+01 4.814285714285714590e+01 5.100000000000000000e+01 1.010000000000000000e+02
8.105700000000000500e+02 5.757142857142856940e+01 4.400000000000000000e+01 5.628571428571428470e+01 9.471428571428570820e+01
8.105900000000000318e+02 5.185714285714285410e+01 4.385714285714285410e+01 5.542857142857143060e+01 8.914285714285713880e+01
8.106100000000000136e+02 5.200000000000000000e+01 4.857142857142856940e+01 5.871428571428571530e+01 9.342857142857143060e+01
8.106299999999999955e+02 5.257142857142856940e+01 4.700000000000000000e+01 4.971428571428571530e+01 9.457142857142856940e+01
8.106499999999999773e+02 5.457142857142856940e+01 5.271428571428571530e+01 4.700000000000000000e+01 9.114285714285713880e+01
8.106700000000000728e+02 5.585714285714285410e+01 4.957142857142856940e+01 4.814285714285714590e+01 9.842857142857143060e+01
8.106900000000000546e+02 5.400000000000000000e+01 5.257142857142856940e+01 6.500000000000000000e+01 8.742857142857143060e+01
8.107100000000000364e+02 5.642857142857143060e+01 4.814285714285714590e+01 5.742857142857143060e+01 8.571428571428570820e+01
8.107300000000000182e+02 5.185714285714285410e+01 4.971428571428571530e+01 4.557142857142856940e+01 9.928571428571429180e+01
8.107500000000000000e+02 5.128571428571428470e+01 4.085714285714285410e+01 4.814285714285714590e+01 1.000000000000000000e+02
8.107699999999999818e+02 5.057142857142856940e+01 4.742857142857143060e+01 5.171428571428571530e+01 9.542857142857143060e+01
8.107899999999999636e+02 5.742857142857143060e+01 4.800000000000000000e+01 4.442857142857143060e+01 1.025714285714285694e+02
8.108100000000000591e+02 5.400000000000000000e+01 5.171428571428571530e+01 5.257142857142856940e+01 9.685714285714286120e+01
8.108300000000000409e+02 5.414285714285714590e+01 5.657142857142856940e+01 4.428571428571428470e+01 8.800000000000000000e+01
8.108500000000000227e+02 5.100000000000000000e+01 5.228571428571428470e+01 4.857142857142856940e+01 9.242857142857143060e+01
8.108700000000000045e+02 5.328571428571428470e+01 4.671428571428571530e+01 4.814285714285714590e+01 1.058571428571428612e+02
8.108899999999999864e+02 5.071428571428571530e+01 5.000000000000000000e+01 4.571428571428571530e+01 1.067142857142857082e+02
8.109099999999999682e+02 5.414285714285714590e+01 4.971428571428571530e+01 5.100000000000000000e+01 1.011428571428571388e+02
8.109300000000000637e+02 5.514285714285714590e+01 4.914285714285714590e+01 5.985714285714285410e+01 8.085714285714286120e+01
8.109500000000000455e+02 5.200000000000000000e+01 5.171428571428571530e+01 4.571428571428571530e+01 9.628571428571429180e+01
8.109700000000000273e+02 4.685714285714285410e+01 4.585714285714285410e+01 4.642857142857143060e+01 9.985714285714286120e+01
8.109900000000000091e+02 5.071428571428571530e+01 4.728571428571428470e+01 4.542857142857143060e+01 1.000000000000000000e+02
8.110099999999999909e+02 5.557142857142856940e+01 4.700000000000000000e+01 4.642857142857143060e+01 9.585714285714286120e+01
8.110299999999999727e+02 5.671428571428571530e+01 4.414285714285714590e+01 4.485714285714285410e+01 9.128571428571429180e+01
8.110500000000000682e+02 5.042857142857143060e+01 4.485714285714285410e+01 4.771428571428571530e+01 9.085714285714286120e+01
8.110700000000000500e+02 5.157142857142856940e+01 4.557142857142856940e+01 4.528571428571428470e+01 9.214285714285713880e+01
8.110900000000000318e+02 5.128571428571428470e+01 4.928571428571428470e+01 4.385714285714285410e+01 9.642857142857143060e+01
8.111100000000000136e+02 5.242857142857143060e+01 4.714285714285714590e+01 4.442857142857143060e+01 1.027142857142857082e+02
8.111299999999999955e+02 5.771428571428571530e+01 4.428571428571428470e+01 4.657142857142856940e+01 9.757142857142856940e+01
8.111499999999999773e+02 5.514285714285714590e+01 5.042857142857143060e+01 4.700000000000000000e+01 9.971428571428570820e+01
8.111700000000000728e+02 4.985714285714285410e+01 5.071428571428571530e+01 4.814285714285714590e+01 1.020000000000000000e+02
8.111900000000000546e+02 5.157142857142856940e+01 4.942857142857143060e+01 4.371428571428571530e+01 9.700000000000000000e+01
8.112100000000000364e+02 5.271428571428571530e+01 4.785714285714285410e+01 4.514285714285714590e+01 9.642857142857143060e+01
8.112300000000000182e+02 5.414285714285714590e+01 4.571428571428571530e+01 5.457142857142856940e+01 9.900000000000000000e+01
8.112500000000000000e+02 5.128571428571428470e+01 5.000000000000000000e+01 4.828571428571428470e+01 9.757142857142856940e+01
8.112699999999999818e+02 5.285714285714285410e+01 5.200000000000000000e+01 4.371428571428571530e+01 9.900000000000000000e+01
8.112899999999999636e+02 5.557142857142856940e+01 4.671428571428571530e+01 4.628571428571428470e+01 9.385714285714286120e+01
8.113100000000000591e+02 5.400000000000000000e+01 5.085714285714285410e+01 5.371428571428571530e+01 1.028571428571428612e+02
8.113300000000000409e+02 5.028571428571428470e+01 4.585714285714285410e+01 4.900000000000000000e+01 9.671428571428570820e+01
8.113500000000000227e+02 5.128571428571428470e+01 4.771428571428571530e+01 4.585714285714285410e+01 9.400000000000000000e+01
8.113700000000000045e+02 5.314285714285714590e+01 4.900000000000000000e+01 4.271428571428571530e+01 9.742857142857143060e+01
8.113899999999999864e+02 5.414285714285714590e+01 5.385714285714285410e+01 5.028571428571428470e+01 8.642857142857143060e+01
8.114099999999999682e+02 5.300000000000000000e+01 4.942857142857143060e+01 4.471428571428571530e+01 9.614285714285713880e+01
8.114300000000000637e+02 5.385714285714285410e+01 4.442857142857143060e+01 5.000000000000000000e+01 1.001428571428571388e+02
8.114500000000000455e+02 5.314285714285714590e+01 4.300000000000000000e+01 4.828571428571428470e+01 9.642857142857143060e+01
