8.074500000000000455e+02 5.016666666666666430e+01 5.916666666666666430e+01 4.350000000000000000e+01 9.066666666666667140e+01
8.074700000000000273e+02 5.566666666666666430e+01 4.750000000000000000e+01 4.766666666666666430e+01 9.166666666666667140e+01
8.074900000000000091e+02 5.216666666666666430e+01 4.650000000000000000e+01 5.000000000000000000e+01 8.650000000000000000e+01
8.075099999999999909e+02 5.250000000000000000e+01 5.083333333333333570e+01 4.900000000000000000e+01 1.006666666666666714e+02
8.075299999999999727e+02 5.600000000000000000e+01 5.083333333333333570e+01 5.083333333333333570e+01 9.250000000000000000e+01
8.075500000000000682e+02 5.316666666666666430e+01 4.716666666666666430e+01 4.883333333333333570e+01 9.483333333333332860e+01
8.075700000000000500e+02 5.333333333333333570e+01 4.750000000000000000e+01 4.800000000000000000e+01 9.550000000000000000e+01
8.075900000000000318e+02 5.116666666666666430e+01 4.633333333333333570e+01 5.000000000000000000e+01 9.650000000000000000e+01
8.076100000000000136e+02 5.166666666666666430e+01 4.683333333333333570e+01 4.716666666666666430e+01 9.916666666666667140e+01
8.076299999999999955e+02 5.300000000000000000e+01 5.033333333333333570e+01 4.683333333333333570e+01 1.061666666666666714e+02
8.076499999999999773e+02 5.416666666666666430e+01 5.166666666666666430e+01 4.533333333333333570e+01 7.766666666666667140e+01
8.076700000000000728e+02 5.083333333333333570e+01 4.766666666666666430e+01 4.533333333333333570e+01 9.883333333333332860e+01
8.076900000000000546e+02 4.966666666666666430e+01 4.966666666666666430e+01 4.500000000000000000e+01 1.033333333333333286e+02
8.077100000000000364e+02 5.516666666666666430e+01 4.533333333333333570e+01 4.766666666666666430e+01 9.316666666666667140e+01
8.077300000000000182e+02 5.166666666666666430e+01 4.616666666666666430e+01 4.316666666666666430e+01 9.366666666666667140e+01
8.077500000000000000e+02 5.533333333333333570e+01 4.700000000000000000e+01 4.516666666666666430e+01 1.016666666666666714e+02
8.077699999999999818e+02 5.050000000000000000e+01 4.266666666666666430e+01 4.700000000000000000e+01 1.000000000000000000e+02
8.077899999999999636e+02 5.133333333333333570e+01 4.516666666666666430e+01 4.850000000000000000e+01 9.600000000000000000e+01
8.078100000000000591e+02 5.233333333333333570e+01 5.966666666666666430e+01 4.883333333333333570e+01 9.733333333333332860e+01
8.078300000000000409e+02 5.383333333333333570e+01 4.433333333333333570e+01 4.866666666666666430e+01 9.866666666666667140e+01
8.078500000000000227e+02 4.933333333333333570e+01 4.983333333333333570e+01 4.316666666666666430e+01 1.013333333333333286e+02
8.078700000000000045e+02 5.350000000000000000e+01 5.750000000000000000e+01 5.083333333333333570e+01 8.533333333333332860e+01
8.078899999999999864e+02 5.150000000000000000e+01 4.950000000000000000e+01 4.800000000000000000e+01 9.450000000000000000e+01
8.079099999999999682e+02 5.133333333333333570e+01 5.200000000000000000e+01 5.116666666666666430e+01 9.500000000000000000e+01
8.079300000000000637e+02 5.100000000000000000e+01 4.666666666666666430e+01 4.883333333333333570e+01 1.010000000000000000e+02
8.079500000000000455e+02 5.216666666666666430e+01 5.716666666666666430e+01 5.483333333333333570e+01 7.633333333333332860e+01
8.079700000000000273e+02 5.400000000000000000e+01 6.083333333333333570e+01 5.416666666666666430e+01 7.616666666666667140e+01
8.079900000000000091e+02 5.316666666666666430e+01 5.500000000000000000e+01 4.800000000000000000e+01 9.233333333333332860e+01
8.080099999999999909e+02 4.916666666666666430e+01 5.483333333333333570e+01 4.783333333333333570e+01 8.383333333333332860e+01
8.080299999999999727e+02 5.950000000000000000e+01 5.050000000000000000e+01 4.750000000000000000e+01 8.350000000000000000e+01
8.080500000000000682e+02 5.566666666666666430e+01 5.166666666666666430e+01 4.533333333333333570e+01 9.066666666666667140e+01
8.080700000000000500e+02 4.966666666666666430e+01 5.866666666666666430e+01 5.266666666666666430e+01 7.750000000000000000e+01
8.080900000000000318e+02 5.483333333333333570e+01 5.716666666666666430e+01 4.683333333333333570e+01 8.633333333333332860e+01
8.081100000000000136e+02 4.966666666666666430e+01 4.650000000000000000e+01 4.733333333333333570e+01 1.000000000000000000e+02
8.081299999999999955e+02 5.083333333333333570e+01 4.683333333333333570e+01 4.666666666666666430e+01 9.700000000000000000e+01
8.081499999999999773e+02 5.783333333333333570e+01 4.550000000000000000e+01 4.800000000000000000e+01 9.466666666666667140e+01
8.081700000000000728e+02 5.400000000000000000e+01 6.783333333333332860e+01 5.416666666666666430e+01 8.400000000000000000e+01
8.081900000000000546e+02 5.350000000000000000e+01 5.883333333333333570e+01 5.000000000000000000e+01 7.633333333333332860e+01
8.082100000000000364e+02 5.000000000000000000e+01 5.666666666666666430e+01 4.766666666666666430e+01 9.100000000000000000e+01
8.082300000000000182e+02 5.416666666666666430e+01 4.983333333333333570e+01 4.916666666666666430e+01 8.616666666666667140e+01
8.082500000000000000e+02 5.333333333333333570e+01 4.900000000000000000e+01 5.216666666666666430e+01 1.018333333333333286e+02
8.082699999999999818e+02 4.833333333333333570e+01 5.283333333333333570e+01 4.866666666666666430e+01 9.450000000000000000e+01
8.082899999999999636e+02 5.250000000000000000e+01 6.033333333333333570e+01 5.033333333333333570e+01 8.250000000000000000e+01
8.083100000000000591e+02 5.066666666666666430e+01 6.083333333333333570e+01 5.016666666666666430e+01 8.450000000000000000e+01
8.083300000000000409e+02 5.166666666666666430e+01 6.883333333333332860e+01 5.533333333333333570e+01 7.166666666666667140e+01
8.083500000000000227e+02 4.533333333333333570e+01 6.966666666666667140e+01 5.483333333333333570e+01 7.466666666666667140e+01
8.083700000000000045e+02 4.883333333333333570e+01 7.516666666666667140e+01 6.116666666666666430e+01 6.300000000000000000e+01
8.083899999999999864e+02 5.266666666666666430e+01 7.700000000000000000e+01 5.833333333333333570e+01 5.716666666666666430e+01
8.084099999999999682e+02 5.433333333333333570e+01 7.283333333333332860e+01 5.300000000000000000e+01 7.400000000000000000e+01
8.084300000000000637e+02 5.550000000000000000e+01 6.233333333333333570e+01 5.466666666666666430e+01 7.516666666666667140e+01
8.084500000000000455e+02 5.350000000000000000e+01 5.716666666666666430e+01 4.800000000000000000e+01 8.966666666666667140e+01
8.084700000000000273e+02 5.050000000000000000e+01 4.250000000000000000e+01 4.600000000000000000e+01 1.003333333333333286e+02
8.084900000000000091e+02 5.416666666666666430e+01 5.266666666666666430e+01 4.666666666666666430e+01 9.383333333333332860e+01
8.085099999999999909e+02 4.816666666666666430e+01 6.500000000000000000e+01 4.466666666666666430e+01 7.733333333333332860e+01
8.085299999999999727e+02 5.450000000000000000e+01 8.166666666666667140e+01 6.300000000000000000e+01 5.816666666666666430e+01
8.085500000000000682e+02 5.266666666666666430e+01 7.383333333333332860e+01 5.983333333333333570e+01 5.800000000000000000e+01
8.085700000000000500e+02 4.966666666666666430e+01 6.683333333333332860e+01 5.866666666666666430e+01 6.983333333333332860e+01
8.085900000000000318e+02 5.266666666666666430e+01 5.616666666666666430e+01 4.783333333333333570e+01 9.733333333333332860e+01
8.086100000000000136e+02 5.333333333333333570e+01 5.516666666666666430e+01 5.466666666666666430e+01 8.566666666666667140e+01
8.086299999999999955e+02 5.300000000000000000e+01 4.233333333333333570e+01 4.916666666666666430e+01 1.006666666666666714e+02
8.086499999999999773e+02 5.050000000000000000e+01 6.150000000000000000e+01 5.150000000000000000e+01 8.016666666666667140e+01
8.086700000000000728e+02 5.616666666666666430e+01 6.300000000000000000e+01 5.683333333333333570e+01 7.366666666666667140e+01
8.086900000000000546e+02 5.366666666666666430e+01 6.016666666666666430e+01 5.516666666666666430e+01 8.133333333333332860e+01
8.087100000000000364e+02 5.200000000000000000e+01 6.116666666666666430e+01 5.116666666666666430e+01 7.966666666666667140e+01
8.087300000000000182e+02 5.316666666666666430e+01 4.816666666666666430e+01 4.433333333333333570e+01 9.833333333333332860e+01
8.087500000000000000e+02 5.550000000000000000e+01 5.016666666666666430e+01 4.666666666666666430e+01 1.020000000000000000e+02
8.087699999999999818e+02 5.216666666666666430e+01 4.633333333333333570e+01 4.566666666666666430e+01 9.900000000000000000e+01
8.087899999999999636e+02 5.366666666666666430e+01 5.816666666666666430e+01 5.200000000000000000e+01 8.883333333333332860e+01
8.088100000000000591e+02 5.150000000000000000e+01 6.583333333333332860e+01 5.633333333333333570e+01 8.533333333333332860e+01
8.088300000000000409e+02 5.816666666666666430e+01 5.300000000000000000e+01 6.350000000000000000e+01 7.850000000000000000e+01
8.088500000000000227e+02 5.783333333333333570e+01 5.400000000000000000e+01 5.316666666666666430e+01 8.850000000000000000e+01
8.088700000000000045e+02 5.050000000000000000e+01 5.733333333333333570e+01 4.816666666666666430e+01 8.600000000000000000e+01
8.088899999999999864e+02 4.900000000000000000e+01 5.650000000000000000e+01 4.433333333333333570e+01 9.150000000000000000e+01
8.089099999999999682e+02 5.816666666666666430e+01 5.666666666666666430e+01 5.083333333333333570e+01 8.666666666666667140e+01
8.089300000000000637e+02 4.900000000000000000e+01 5.700000000000000000e+01 5.050000000000000000e+01 9.383333333333332860e+01
8.089500000000000455e+02 4.966666666666666430e+01 6.266666666666666430e+01 5.900000000000000000e+01 7.000000000000000000e+01
8.089700000000000273e+02 5.766666666666666430e+01 4.783333333333333570e+01 4.733333333333333570e+01 1.003333333333333286e+02
8.089900000000000091e+02 5.466666666666666430e+01 5.533333333333333570e+01 5.616666666666666430e+01 7.833333333333332860e+01
8.090099999999999909e+02 5.466666666666666430e+01 4.600000000000000000e+01 4.633333333333333570e+01 9.833333333333332860e+01
8.090299999999999727e+02 5.350000000000000000e+01 5.200000000000000000e+01 5.233333333333333570e+01 9.166666666666667140e+01
8.090500000000000682e+02 5.333333333333333570e+01 5.616666666666666430e+01 4.850000000000000000e+01 8.850000000000000000e+01
8.090700000000000500e+02 5.583333333333333570e+01 4.833333333333333570e+01 4.566666666666666430e+01 8.933333333333332860e+01
8.090900000000000318e+02 5.516666666666666430e+01 5.250000000000000000e+01 5.383333333333333570e+01 8.266666666666667140e+01
8.091100000000000136e+02 5.016666666666666430e+01 4.416666666666666430e+01 4.216666666666666430e+01 9.833333333333332860e+01
8.091299999999999955e+02 5.483333333333333570e+01 5.033333333333333570e+01 4.866666666666666430e+01 1.020000000000000000e+02
8.091499999999999773e+02 5.500000000000000000e+01 5.850000000000000000e+01 4.883333333333333570e+01 9.416666666666667140e+01
8.091700000000000728e+02 5.516666666666666430e+01 5.066666666666666430e+01 4.800000000000000000e+01 1.005000000000000000e+02
8.091900000000000546e+02 5.166666666666666430e+01 4.716666666666666430e+01 4.683333333333333570e+01 9.816666666666667140e+01
8.092100000000000364e+02 6.050000000000000000e+01 4.666666666666666430e+01 4.666666666666666430e+01 9.350000000000000000e+01
8.092300000000000182e+02 5.383333333333333570e+01 6.016666666666666430e+01 4.783333333333333570e+01 9.816666666666667140e+01
8.092500000000000000e+02 5.033333333333333570e+01 5.250000000000000000e+01 4.916666666666666430e+01 9.816666666666667140e+01
8.092699999999999818e+02 5.766666666666666430e+01 4.550000000000000000e+01 4.550000000000000000e+01 9.433333333333332860e+01
8.092899999999999636e+02 5.450000000000000000e+01 4.366666666666666430e+01 4.150000000000000000e+01 9.566666666666667140e+01
8.093100000000000591e+02 5.400000000000000000e+01 4.933333333333333570e+01 4.916666666666666430e+01 1.000000000000000000e+02
8.093300000000000409e+02 5.316666666666666430e+01 4.416666666666666430e+01 4.283333333333333570e+01 9.883333333333332860e+01
8.093500000000000227e+02 5.500000000000000000e+01 4.983333333333333570e+01 4.683333333333333570e+01 9.533333333333332860e+01
8.093700000000000045e+02 5.350000000000000000e+01 4.416666666666666430e+01 4.600000000000000000e+01 1.011666666666666714e+02
8.093899999999999864e+02 5.400000000000000000e+01 5.466666666666666430e+01 4.783333333333333570e+01 9.750000000000000000e+01
8.094099999999999682e+02 4.733333333333333570e+01 4.350000000000000000e+01 4.583333333333333570e+01 9.983333333333332860e+01
8.094300000000000637e+02 5.383333333333333570e+01 4.866666666666666430e+01 5.433333333333333570e+01 9.800000000000000000e+01
8.094500000000000455e+02 5.283333333333333570e+01 4.966666666666666430e+01 4.950000000000000000e+01 9.800000000000000000e+01
8.094700000000000273e+02 5.316666666666666430e+01 4.450000000000000000e+01 4.783333333333333570e+01 8.716666666666667140e+01
8.094900000000000091e+02 5.116666666666666430e+01 5.583333333333333570e+01 4.933333333333333570e+01 9.666666666666667140e+01
8.095099999999999909e+02 5.083333333333333570e+01 4.750000000000000000e+01 4.416666666666666430e+01 9.933333333333332860e+01
8.095299999999999727e+02 5.583333333333333570e+01 4.600000000000000000e+01 5.150000000000000000e+01 1.035000000000000000e+02
8.095500000000000682e+02 5.766666666666666430e+01 4.633333333333333570e+01 5.033333333333333570e+01 9.300000000000000000e+01
8.095700000000000500e+02 5.883333333333333570e+01 4.833333333333333570e+01 5.350000000000000000e+01 1.028333333333333286e+02
8.095900000000000318e+02 5.566666666666666430e+01 4.816666666666666430e+01 4.750000000000000000e+01 9.716666666666667140e+01
8.096100000000000136e+02 5.050000000000000000e+01 4.733333333333333570e+01 4.883333333333333570e+01 9.716666666666667140e+01
8.096299999999999955e+02 5.250000000000000000e+01 5.133333333333333570e+01 5.233333333333333570e+01 9.783333333333332860e+01
8.096499999999999773e+02 5.333333333333333570e+01 4.450000000000000000e+01 4.516666666666666430e+01 9.716666666666667140e+01
8.096700000000000728e+02 4.933333333333333570e+01 4.816666666666666430e+01 4.450000000000000000e+01 1.003333333333333286e+02
8.096900000000000546e+02 4.866666666666666430e+01 4.750000000000000000e+01 4.783333333333333570e+01 9.833333333333332860e+01
8.097100000000000364e+02 5.800000000000000000e+01 5.066666666666666430e+01 5.166666666666666430e+01 9.833333333333332860e+01
8.097300000000000182e+02 5.350000000000000000e+01 5.883333333333333570e+01 4.766666666666666430e+01 8.600000000000000000e+01
8.097500000000000000e+02 5.100000000000000000e+01 4.433333333333333570e+01 4.933333333333333570e+01 9.883333333333332860e+01
8.097699999999999818e+02 5.366666666666666430e+01 5.633333333333333570e+01 5.200000000000000000e+01 1.005000000000000000e+02
8.097899999999999636e+02 5.533333333333333570e+01 5.083333333333333570e+01 4.750000000000000000e+01 9.033333333333332860e+01
8.098100000000000591e+02 5.150000000000000000e+01 5.133333333333333570e+01 5.266666666666666430e+01 9.116666666666667140e+01
8.098300000000000409e+02 4.883333333333333570e+01 4.666666666666666430e+01 5.166666666666666430e+01 1.058333333333333286e+02
8.098500000000000227e+02 5.133333333333333570e+01 5.033333333333333570e+01 5.166666666666666430e+01 1.010000000000000000e+02
8.098700000000000045e+02 5.816666666666666430e+01 4.833333333333333570e+01 5.283333333333333570e+01 9.900000000000000000e+01
8.098899999999999864e+02 5.200000000000000000e+01 4.866666666666666430e+01 4.950000000000000000e+01 1.028333333333333286e+02
8.099099999999999682e+02 5.366666666666666430e+01 4.983333333333333570e+01 5.166666666666666430e+01 9.650000000000000000e+01
8.099300000000000637e+02 5.950000000000000000e+01 5.083333333333333570e+01 4.883333333333333570e+01 1.043333333333333286e+02
8.099500000000000455e+02 4.933333333333333570e+01 4.700000000000000000e+01 4.683333333333333570e+01 9.450000000000000000e+01
8.099700000000000273e+02 5.816666666666666430e+01 5.633333333333333570e+01 4.966666666666666430e+01 8.933333333333332860e+01
8.099900000000000091e+02 5.200000000000000000e+01 3.950000000000000000e+01 4.316666666666666430e+01 8.783333333333332860e+01
8.100099999999999909e+02 5.466666666666666430e+01 5.100000000000000000e+01 4.633333333333333570e+01 9.583333333333332860e+01
8.100299999999999727e+02 5.100000000000000000e+01 5.150000000000000000e+01 4.416666666666666430e+01 9.116666666666667140e+01
8.100500000000000682e+02 5.550000000000000000e+01 4.383333333333333570e+01 4.183333333333333570e+01 9.316666666666667140e+01
8.100700000000000500e+02 5.450000000000000000e+01 4.783333333333333570e+01 4.683333333333333570e+01 9.116666666666667140e+01
8.100900000000000318e+02 5.000000000000000000e+01 4.666666666666666430e+01 5.266666666666666430e+01 9.750000000000000000e+01
8.101100000000000136e+02 5.466666666666666430e+01 4.333333333333333570e+01 4.933333333333333570e+01 9.433333333333332860e+01
8.101299999999999955e+02 4.933333333333333570e+01 5.183333333333333570e+01 4.966666666666666430e+01 1.040000000000000000e+02
8.101499999999999773e+02 5.183333333333333570e+01 4.400000000000000000e+01 4.550000000000000000e+01 1.043333333333333286e+02
8.101700000000000728e+02 4.916666666666666430e+01 4.616666666666666430e+01 6.016666666666666430e+01 9.216666666666667140e+01
8.101900000000000546e+02 5.316666666666666430e+01 5.116666666666666430e+01 5.866666666666666430e+01 9.150000000000000000e+01
8.102100000000000364e+02 5.116666666666666430e+01 5.000000000000000000e+01 6.016666666666666430e+01 8.650000000000000000e+01
8.102300000000000182e+02 5.216666666666666430e+01 5.066666666666666430e+01 4.416666666666666430e+01 9.583333333333332860e+01
8.102500000000000000e+02 5.016666666666666430e+01 5.050000000000000000e+01 4.683333333333333570e+01 1.051666666666666714e+02
8.102699999999999818e+02 5.233333333333333570e+01 4.966666666666666430e+01 5.433333333333333570e+01 9.600000000000000000e+01
8.102899999999999636e+02 5.350000000000000000e+01 5.133333333333333570e+01 9.050000000000000000e+01 5.316666666666666430e+01
8.103100000000000591e+02 5.016666666666666430e+01 5.866666666666666430e+01 9.316666666666667140e+01 4.533333333333333570e+01
8.103300000000000409e+02 5.316666666666666430e+01 5.183333333333333570e+01 9.683333333333332860e+01 4.816666666666666430e+01
8.103500000000000227e+02 4.916666666666666430e+01 5.250000000000000000e+01 8.883333333333332860e+01 4.450000000000000000e+01
8.103700000000000045e+02 5.366666666666666430e+01 4.783333333333333570e+01 7.183333333333332860e+01 7.350000000000000000e+01
8.103899999999999864e+02 5.200000000000000000e+01 5.333333333333333570e+01 5.350000000000000000e+01 7.216666666666667140e+01
8.104099999999999682e+02 5.116666666666666430e+01 4.966666666666666430e+01 4.900000000000000000e+01 9.483333333333332860e+01
8.104300000000000637e+02 4.750000000000000000e+01 4.750000000000000000e+01 5.216666666666666430e+01 8.850000000000000000e+01
8.104500000000000455e+02 5.633333333333333570e+01 4.633333333333333570e+01 5.166666666666666430e+01 8.500000000000000000e+01
8.104700000000000273e+02 5.400000000000000000e+01 4.800000000000000000e+01 4.750000000000000000e+01 9.016666666666667140e+01
8.104900000000000091e+02 5.450000000000000000e+01 5.050000000000000000e+01 5.166666666666666430e+01 8.550000000000000000e+01
8.105099999999999909e+02 5.400000000000000000e+01 4.683333333333333570e+01 5.100000000000000000e+01 9.783333333333332860e+01
8.105299999999999727e+02 4.850000000000000000e+01 4.700000000000000000e+01 5.733333333333333570e+01 9.166666666666667140e+01
8.105500000000000682e+02 5.850000000000000000e+01 4.383333333333333570e+01 5.316666666666666430e+01 9.066666666666667140e+01
8.105700000000000500e+02 5.033333333333333570e+01 5.000000000000000000e+01 5.133333333333333570e+01 1.046666666666666714e+02
8.105900000000000318e+02 4.766666666666666430e+01 4.416666666666666430e+01 4.383333333333333570e+01 9.800000000000000000e+01
8.106100000000000136e+02 5.616666666666666430e+01 5.216666666666666430e+01 4.183333333333333570e+01 1.036666666666666714e+02
8.106299999999999955e+02 5.266666666666666430e+01 4.900000000000000000e+01 4.900000000000000000e+01 1.001666666666666714e+02
8.106499999999999773e+02 5.566666666666666430e+01 5.050000000000000000e+01 4.850000000000000000e+01 9.750000000000000000e+01
8.106700000000000728e+02 5.116666666666666430e+01 4.683333333333333570e+01 5.200000000000000000e+01 9.316666666666667140e+01
8.106900000000000546e+02 5.666666666666666430e+01 4.950000000000000000e+01 4.800000000000000000e+01 1.006666666666666714e+02
8.107100000000000364e+02 4.883333333333333570e+01 4.833333333333333570e+01 5.150000000000000000e+01 1.025000000000000000e+02
8.107300000000000182e+02 5.433333333333333570e+01 4.683333333333333570e+01 4.900000000000000000e+01 9.750000000000000000e+01
8.107500000000000000e+02 4.583333333333333570e+01 4.566666666666666430e+01 5.033333333333333570e+01 9.483333333333332860e+01
8.107699999999999818e+02 5.283333333333333570e+01 4.566666666666666430e+01 4.450000000000000000e+01 9.966666666666667140e+01
8.107899999999999636e+02 5.583333333333333570e+01 5.216666666666666430e+01 5.433333333333333570e+01 9.116666666666667140e+01
8.108100000000000591e+02 5.916666666666666430e+01 5.200000000000000000e+01 4.816666666666666430e+01 8.800000000000000000e+01
8.108300000000000409e+02 5.066666666666666430e+01 4.233333333333333570e+01 4.650000000000000000e+01 8.966666666666667140e+01
8.108500000000000227e+02 4.883333333333333570e+01 4.550000000000000000e+01 5.466666666666666430e+01 1.025000000000000000e+02
8.108700000000000045e+02 4.800000000000000000e+01 4.850000000000000000e+01 4.933333333333333570e+01 9.666666666666667140e+01
8.108899999999999864e+02 5.233333333333333570e+01 5.283333333333333570e+01 4.450000000000000000e+01 9.416666666666667140e+01
8.109099999999999682e+02 5.283333333333333570e+01 5.183333333333333570e+01 4.950000000000000000e+01 9.933333333333332860e+01
8.109300000000000637e+02 4.966666666666666430e+01 4.350000000000000000e+01 4.900000000000000000e+01 9.816666666666667140e+01
8.109500000000000455e+02 5.583333333333333570e+01 4.616666666666666430e+01 5.516666666666666430e+01 9.850000000000000000e+01
8.109700000000000273e+02 5.033333333333333570e+01 4.950000000000000000e+01 4.166666666666666430e+01 8.750000000000000000e+01
8.109900000000000091e+02 5.483333333333333570e+01 4.333333333333333570e+01 5.266666666666666430e+01 8.900000000000000000e+01
8.110099999999999909e+02 5.216666666666666430e+01 4.666666666666666430e+01 5.016666666666666430e+01 1.030000000000000000e+02
8.110299999999999727e+02 5.283333333333333570e+01 4.900000000000000000e+01 4.766666666666666430e+01 9.933333333333332860e+01
8.110500000000000682e+02 4.816666666666666430e+01 4.700000000000000000e+01 4.650000000000000000e+01 9.950000000000000000e+01
8.110700000000000500e+02 4.933333333333333570e+01 4.916666666666666430e+01 4.450000000000000000e+01 9.450000000000000000e+01
8.110900000000000318e+02 5.283333333333333570e+01 5.050000000000000000e+01 4.733333333333333570e+01 9.766666666666667140e+01
8.111100000000000136e+02 5.016666666666666430e+01 4.533333333333333570e+01 4.600000000000000000e+01 9.283333333333332860e+01
8.111299999999999955e+02 5.516666666666666430e+01 5.516666666666666430e+01 5.400000000000000000e+01 9.283333333333332860e+01
8.111499999999999773e+02 5.116666666666666430e+01 4.866666666666666430e+01 4.883333333333333570e+01 1.011666666666666714e+02
8.111700000000000728e+02 5.350000000000000000e+01 4.916666666666666430e+01 5.300000000000000000e+01 1.010000000000000000e+02
8.111900000000000546e+02 5.050000000000000000e+01 4.950000000000000000e+01 5.000000000000000000e+01 9.616666666666667140e+01
8.112100000000000364e+02 5.483333333333333570e+01 4.483333333333333570e+01 4.583333333333333570e+01 9.283333333333332860e+01
8.112300000000000182e+02 5.533333333333333570e+01 4.850000000000000000e+01 4.566666666666666430e+01 9.650000000000000000e+01
8.112500000000000000e+02 5.700000000000000000e+01 5.233333333333333570e+01 4.850000000000000000e+01 9.883333333333332860e+01
8.112699999999999818e+02 5.333333333333333570e+01 4.500000000000000000e+01 4.683333333333333570e+01 9.850000000000000000e+01
8.112899999999999636e+02 5.316666666666666430e+01 4.850000000000000000e+01 4.700000000000000000e+01 9.766666666666667140e+01
8.113100000000000591e+02 5.383333333333333570e+01 4.500000000000000000e+01 4.600000000000000000e+01 1.058333333333333286e+02
8.113300000000000409e+02 5.150000000000000000e+01 4.983333333333333570e+01 5.116666666666666430e+01 1.005000000000000000e+02
8.113500000000000227e+02 5.300000000000000000e+01 5.966666666666666430e+01 4.766666666666666430e+01 9.416666666666667140e+01
8.113700000000000045e+02 5.200000000000000000e+01 4.266666666666666430e+01 5.016666666666666430e+01 9.600000000000000000e+01
8.113899999999999864e+02 5.250000000000000000e+01 4.716666666666666430e+01 4.816666666666666430e+01 9.516666666666667140e+01
8.114099999999999682e+02 5.483333333333333570e+01 4.800000000000000000e+01 4.800000000000000000e+01 9.750000000000000000e+01
8.114300000000000637e+02 5.183333333333333570e+01 4.566666666666666430e+01 5.350000000000000000e+01 1.016666666666666714e+02
8.114500000000000455e+02 5.133333333333333570e+01 4.983333333333333570e+01 4.683333333333333570e+01 9.900000000000000000e+01
