8.074500000000000455e+02 5.439999999999999858e+01 5.420000000000000284e+01 4.520000000000000284e+01 9.200000000000000000e+01
8.074700000000000273e+02 4.820000000000000284e+01 4.720000000000000284e+01 4.620000000000000284e+01 1.010000000000000000e+02
8.074900000000000091e+02 5.200000000000000000e+01 4.900000000000000000e+01 4.479999999999999716e+01 1.034000000000000057e+02
8.075099999999999909e+02 4.760000000000000142e+01 4.579999999999999716e+01 4.760000000000000142e+01 9.540000000000000568e+01
8.075299999999999727e+02 5.060000000000000142e+01 3.979999999999999716e+01 4.460000000000000142e+01 9.559999999999999432e+01
8.075500000000000682e+02 4.839999999999999858e+01 4.079999999999999716e+01 4.260000000000000142e+01 9.940000000000000568e+01
8.075700000000000500e+02 5.320000000000000284e+01 4.360000000000000142e+01 4.979999999999999716e+01 9.959999999999999432e+01
8.075900000000000318e+02 5.779999999999999716e+01 4.379999999999999716e+01 4.400000000000000000e+01 9.940000000000000568e+01
8.076100000000000136e+02 4.839999999999999858e+01 3.879999999999999716e+01 4.339999999999999858e+01 9.040000000000000568e+01
8.076299999999999955e+02 5.639999999999999858e+01 5.320000000000000284e+01 4.979999999999999716e+01 9.720000000000000284e+01
8.076499999999999773e+02 5.200000000000000000e+01 4.320000000000000284e+01 4.779999999999999716e+01 1.002000000000000028e+02
8.076700000000000728e+02 4.679999999999999716e+01 4.479999999999999716e+01 4.800000000000000000e+01 9.520000000000000284e+01
8.076900000000000546e+02 4.700000000000000000e+01 4.539999999999999858e+01 4.439999999999999858e+01 9.820000000000000284e+01
8.077100000000000364e+02 4.860000000000000142e+01 4.479999999999999716e+01 4.960000000000000142e+01 1.002000000000000028e+02
8.077300000000000182e+02 4.939999999999999858e+01 4.179999999999999716e+01 4.660000000000000142e+01 8.979999999999999716e+01
8.077500000000000000e+02 4.700000000000000000e+01 4.520000000000000284e+01 4.639999999999999858e+01 1.015999999999999943e+02
8.077699999999999818e+02 4.779999999999999716e+01 4.860000000000000142e+01 4.920000000000000284e+01 9.679999999999999716e+01
8.077899999999999636e+02 4.579999999999999716e+01 3.979999999999999716e+01 4.820000000000000284e+01 9.259999999999999432e+01
8.078100000000000591e+02 5.279999999999999716e+01 5.360000000000000142e+01 4.620000000000000284e+01 8.759999999999999432e+01
8.078300000000000409e+02 5.320000000000000284e+01 4.620000000000000284e+01 5.160000000000000142e+01 1.017999999999999972e+02
8.078500000000000227e+02 5.320000000000000284e+01 5.100000000000000000e+01 4.660000000000000142e+01 1.064000000000000057e+02
8.078700000000000045e+02 5.200000000000000000e+01 4.260000000000000142e+01 4.700000000000000000e+01 9.420000000000000284e+01
8.078899999999999864e+02 4.400000000000000000e+01 4.139999999999999858e+01 4.800000000000000000e+01 9.520000000000000284e+01
8.079099999999999682e+02 4.739999999999999858e+01 5.600000000000000000e+01 4.879999999999999716e+01 8.459999999999999432e+01
8.079300000000000637e+02 5.279999999999999716e+01 5.439999999999999858e+01 5.120000000000000284e+01 9.159999999999999432e+01
8.079500000000000455e+02 4.700000000000000000e+01 4.660000000000000142e+01 5.120000000000000284e+01 9.779999999999999716e+01
8.079700000000000273e+02 5.239999999999999858e+01 4.720000000000000284e+01 4.820000000000000284e+01 9.040000000000000568e+01
8.079900000000000091e+02 4.339999999999999858e+01 3.879999999999999716e+01 4.079999999999999716e+01 1.002000000000000028e+02
8.080099999999999909e+02 5.379999999999999716e+01 4.620000000000000284e+01 4.379999999999999716e+01 9.540000000000000568e+01
8.080299999999999727e+02 5.120000000000000284e+01 4.739999999999999858e+01 4.420000000000000284e+01 9.900000000000000000e+01
8.080500000000000682e+02 5.400000000000000000e+01 4.779999999999999716e+01 4.800000000000000000e+01 9.920000000000000284e+01
8.080700000000000500e+02 5.560000000000000142e+01 6.600000000000000000e+01 5.160000000000000142e+01 8.020000000000000284e+01
8.080900000000000318e+02 5.360000000000000142e+01 4.500000000000000000e+01 4.700000000000000000e+01 8.859999999999999432e+01
8.081100000000000136e+02 5.239999999999999858e+01 4.400000000000000000e+01 4.460000000000000142e+01 8.359999999999999432e+01
8.081299999999999955e+02 4.520000000000000284e+01 4.539999999999999858e+01 4.679999999999999716e+01 9.900000000000000000e+01
8.081499999999999773e+02 4.879999999999999716e+01 4.920000000000000284e+01 4.800000000000000000e+01 8.740000000000000568e+01
8.081700000000000728e+02 4.620000000000000284e+01 4.379999999999999716e+01 4.620000000000000284e+01 1.012000000000000028e+02
8.081900000000000546e+02 4.939999999999999858e+01 4.260000000000000142e+01 4.520000000000000284e+01 9.579999999999999716e+01
8.082100000000000364e+02 5.060000000000000142e+01 4.060000000000000142e+01 5.360000000000000142e+01 9.600000000000000000e+01
8.082300000000000182e+02 5.400000000000000000e+01 5.279999999999999716e+01 5.939999999999999858e+01 9.259999999999999432e+01
8.082500000000000000e+02 5.320000000000000284e+01 4.339999999999999858e+01 5.260000000000000142e+01 9.379999999999999716e+01
8.082699999999999818e+02 4.839999999999999858e+01 4.060000000000000142e+01 4.679999999999999716e+01 9.459999999999999432e+01
8.082899999999999636e+02 4.520000000000000284e+01 4.720000000000000284e+01 5.000000000000000000e+01 8.720000000000000284e+01
8.083100000000000591e+02 4.879999999999999716e+01 5.320000000000000284e+01 4.679999999999999716e+01 9.859999999999999432e+01
8.083300000000000409e+02 4.579999999999999716e+01 4.800000000000000000e+01 4.460000000000000142e+01 8.540000000000000568e+01
8.083500000000000227e+02 4.860000000000000142e+01 4.660000000000000142e+01 3.839999999999999858e+01 9.820000000000000284e+01
8.083700000000000045e+02 4.620000000000000284e+01 6.339999999999999858e+01 5.420000000000000284e+01 7.440000000000000568e+01
8.083899999999999864e+02 5.420000000000000284e+01 4.639999999999999858e+01 4.979999999999999716e+01 9.900000000000000000e+01
8.084099999999999682e+02 5.339999999999999858e+01 7.400000000000000000e+01 5.160000000000000142e+01 5.920000000000000284e+01
8.084300000000000637e+02 4.660000000000000142e+01 4.960000000000000142e+01 5.239999999999999858e+01 7.479999999999999716e+01
8.084500000000000455e+02 4.860000000000000142e+01 3.679999999999999716e+01 5.039999999999999858e+01 9.140000000000000568e+01
8.084700000000000273e+02 5.020000000000000284e+01 5.100000000000000000e+01 4.339999999999999858e+01 8.640000000000000568e+01
8.084900000000000091e+02 5.060000000000000142e+01 4.239999999999999858e+01 4.400000000000000000e+01 9.779999999999999716e+01
8.085099999999999909e+02 5.279999999999999716e+01 6.139999999999999858e+01 5.139999999999999858e+01 8.679999999999999716e+01
8.085299999999999727e+02 5.320000000000000284e+01 6.079999999999999716e+01 4.820000000000000284e+01 9.020000000000000284e+01
8.085500000000000682e+02 5.279999999999999716e+01 4.679999999999999716e+01 4.400000000000000000e+01 9.679999999999999716e+01
8.085700000000000500e+02 4.700000000000000000e+01 4.839999999999999858e+01 4.179999999999999716e+01 9.759999999999999432e+01
8.085900000000000318e+02 5.000000000000000000e+01 5.420000000000000284e+01 5.000000000000000000e+01 8.479999999999999716e+01
8.086100000000000136e+02 4.960000000000000142e+01 5.320000000000000284e+01 5.200000000000000000e+01 7.659999999999999432e+01
8.086299999999999955e+02 4.639999999999999858e+01 5.539999999999999858e+01 5.420000000000000284e+01 7.900000000000000000e+01
8.086499999999999773e+02 4.379999999999999716e+01 6.500000000000000000e+01 5.479999999999999716e+01 6.579999999999999716e+01
8.086700000000000728e+02 4.679999999999999716e+01 7.679999999999999716e+01 5.739999999999999858e+01 5.920000000000000284e+01
8.086900000000000546e+02 5.360000000000000142e+01 7.079999999999999716e+01 5.900000000000000000e+01 6.859999999999999432e+01
8.087100000000000364e+02 4.600000000000000000e+01 5.379999999999999716e+01 5.320000000000000284e+01 8.459999999999999432e+01
8.087300000000000182e+02 4.979999999999999716e+01 6.920000000000000284e+01 5.439999999999999858e+01 6.479999999999999716e+01
8.087500000000000000e+02 4.860000000000000142e+01 4.739999999999999858e+01 4.820000000000000284e+01 1.014000000000000057e+02
8.087699999999999818e+02 4.600000000000000000e+01 4.820000000000000284e+01 4.560000000000000142e+01 9.159999999999999432e+01
8.087899999999999636e+02 5.100000000000000000e+01 4.900000000000000000e+01 4.279999999999999716e+01 9.579999999999999716e+01
8.088100000000000591e+02 4.739999999999999858e+01 5.239999999999999858e+01 5.020000000000000284e+01 8.820000000000000284e+01
8.088300000000000409e+02 4.639999999999999858e+01 4.860000000000000142e+01 4.560000000000000142e+01 7.279999999999999716e+01
8.088500000000000227e+02 5.039999999999999858e+01 4.960000000000000142e+01 4.900000000000000000e+01 9.100000000000000000e+01
8.088700000000000045e+02 4.620000000000000284e+01 4.860000000000000142e+01 4.779999999999999716e+01 8.320000000000000284e+01
8.088899999999999864e+02 5.160000000000000142e+01 5.720000000000000284e+01 4.560000000000000142e+01 8.679999999999999716e+01
8.089099999999999682e+02 5.339999999999999858e+01 4.960000000000000142e+01 4.360000000000000142e+01 9.079999999999999716e+01
8.089300000000000637e+02 5.200000000000000000e+01 4.120000000000000284e+01 5.020000000000000284e+01 9.479999999999999716e+01
8.089500000000000455e+02 4.820000000000000284e+01 4.639999999999999858e+01 4.260000000000000142e+01 9.920000000000000284e+01
8.089700000000000273e+02 5.239999999999999858e+01 4.379999999999999716e+01 4.660000000000000142e+01 9.340000000000000568e+01
8.089900000000000091e+02 4.739999999999999858e+01 5.500000000000000000e+01 4.679999999999999716e+01 8.959999999999999432e+01
8.090099999999999909e+02 5.239999999999999858e+01 4.220000000000000284e+01 4.600000000000000000e+01 8.540000000000000568e+01
8.090299999999999727e+02 4.660000000000000142e+01 4.379999999999999716e+01 4.320000000000000284e+01 9.679999999999999716e+01
8.090500000000000682e+02 4.739999999999999858e+01 4.520000000000000284e+01 4.000000000000000000e+01 8.040000000000000568e+01
8.090700000000000500e+02 5.520000000000000284e+01 5.239999999999999858e+01 4.679999999999999716e+01 1.047999999999999972e+02
8.090900000000000318e+02 4.579999999999999716e+01 4.120000000000000284e+01 4.560000000000000142e+01 9.679999999999999716e+01
8.091100000000000136e+02 4.679999999999999716e+01 4.679999999999999716e+01 4.479999999999999716e+01 9.979999999999999716e+01
8.091299999999999955e+02 4.139999999999999858e+01 4.820000000000000284e+01 4.620000000000000284e+01 9.959999999999999432e+01
8.091499999999999773e+02 4.479999999999999716e+01 4.700000000000000000e+01 4.920000000000000284e+01 9.540000000000000568e+01
8.091700000000000728e+02 4.900000000000000000e+01 4.700000000000000000e+01 4.420000000000000284e+01 9.459999999999999432e+01
8.091900000000000546e+02 5.279999999999999716e+01 4.660000000000000142e+01 4.500000000000000000e+01 9.779999999999999716e+01
8.092100000000000364e+02 5.320000000000000284e+01 4.879999999999999716e+01 4.820000000000000284e+01 1.050000000000000000e+02
8.092300000000000182e+02 4.820000000000000284e+01 4.620000000000000284e+01 4.560000000000000142e+01 9.640000000000000568e+01
8.092500000000000000e+02 4.539999999999999858e+01 4.700000000000000000e+01 4.679999999999999716e+01 9.179999999999999716e+01
8.092699999999999818e+02 4.879999999999999716e+01 4.660000000000000142e+01 4.520000000000000284e+01 8.200000000000000000e+01
8.092899999999999636e+02 5.020000000000000284e+01 4.439999999999999858e+01 4.679999999999999716e+01 9.679999999999999716e+01
8.093100000000000591e+02 4.720000000000000284e+01 4.320000000000000284e+01 4.279999999999999716e+01 9.759999999999999432e+01
8.093300000000000409e+02 4.679999999999999716e+01 4.620000000000000284e+01 4.420000000000000284e+01 8.879999999999999716e+01
8.093500000000000227e+02 4.320000000000000284e+01 4.779999999999999716e+01 4.600000000000000000e+01 9.700000000000000000e+01
8.093700000000000045e+02 4.579999999999999716e+01 4.800000000000000000e+01 4.879999999999999716e+01 8.200000000000000000e+01
8.093899999999999864e+02 4.539999999999999858e+01 5.379999999999999716e+01 4.339999999999999858e+01 8.440000000000000568e+01
8.094099999999999682e+02 4.500000000000000000e+01 4.079999999999999716e+01 4.439999999999999858e+01 9.620000000000000284e+01
8.094300000000000637e+02 4.639999999999999858e+01 4.179999999999999716e+01 4.220000000000000284e+01 9.620000000000000284e+01
8.094500000000000455e+02 4.900000000000000000e+01 4.520000000000000284e+01 4.660000000000000142e+01 9.159999999999999432e+01
8.094700000000000273e+02 5.320000000000000284e+01 4.760000000000000142e+01 5.060000000000000142e+01 8.200000000000000000e+01
8.094900000000000091e+02 4.939999999999999858e+01 4.660000000000000142e+01 4.879999999999999716e+01 1.012000000000000028e+02
8.095099999999999909e+02 5.239999999999999858e+01 4.679999999999999716e+01 4.639999999999999858e+01 9.279999999999999716e+01
8.095299999999999727e+02 4.800000000000000000e+01 4.360000000000000142e+01 4.200000000000000000e+01 1.000000000000000000e+02
8.095500000000000682e+02 5.579999999999999716e+01 4.800000000000000000e+01 4.739999999999999858e+01 9.640000000000000568e+01
8.095700000000000500e+02 4.739999999999999858e+01 4.600000000000000000e+01 4.639999999999999858e+01 9.220000000000000284e+01
8.095900000000000318e+02 4.979999999999999716e+01 3.820000000000000284e+01 4.360000000000000142e+01 9.840000000000000568e+01
8.096100000000000136e+02 5.160000000000000142e+01 4.120000000000000284e+01 4.760000000000000142e+01 1.007999999999999972e+02
8.096299999999999955e+02 5.420000000000000284e+01 5.439999999999999858e+01 4.939999999999999858e+01 8.959999999999999432e+01
8.096499999999999773e+02 4.720000000000000284e+01 4.679999999999999716e+01 4.960000000000000142e+01 9.100000000000000000e+01
8.096700000000000728e+02 5.320000000000000284e+01 4.420000000000000284e+01 3.900000000000000000e+01 9.300000000000000000e+01
8.096900000000000546e+02 4.839999999999999858e+01 4.260000000000000142e+01 4.420000000000000284e+01 9.779999999999999716e+01
8.097100000000000364e+02 4.900000000000000000e+01 4.160000000000000142e+01 4.260000000000000142e+01 9.740000000000000568e+01
8.097300000000000182e+02 5.460000000000000142e+01 4.479999999999999716e+01 4.379999999999999716e+01 9.000000000000000000e+01
8.097500000000000000e+02 4.679999999999999716e+01 4.679999999999999716e+01 4.579999999999999716e+01 1.005999999999999943e+02
8.097699999999999818e+02 5.539999999999999858e+01 4.339999999999999858e+01 4.800000000000000000e+01 9.420000000000000284e+01
8.097899999999999636e+02 4.760000000000000142e+01 4.920000000000000284e+01 4.820000000000000284e+01 9.279999999999999716e+01
8.098100000000000591e+02 4.679999999999999716e+01 4.060000000000000142e+01 5.100000000000000000e+01 9.920000000000000284e+01
8.098300000000000409e+02 4.239999999999999858e+01 4.860000000000000142e+01 4.760000000000000142e+01 1.024000000000000057e+02
8.098500000000000227e+02 4.779999999999999716e+01 4.439999999999999858e+01 5.000000000000000000e+01 1.007999999999999972e+02
8.098700000000000045e+02 4.960000000000000142e+01 4.400000000000000000e+01 4.320000000000000284e+01 9.179999999999999716e+01
8.098899999999999864e+02 4.679999999999999716e+01 5.160000000000000142e+01 4.700000000000000000e+01 8.720000000000000284e+01
8.099099999999999682e+02 4.779999999999999716e+01 4.360000000000000142e+01 4.020000000000000284e+01 9.740000000000000568e+01
8.099300000000000637e+02 4.679999999999999716e+01 4.720000000000000284e+01 4.760000000000000142e+01 1.000000000000000000e+02
8.099500000000000455e+02 5.100000000000000000e+01 4.720000000000000284e+01 3.920000000000000284e+01 9.620000000000000284e+01
8.099700000000000273e+02 4.979999999999999716e+01 4.160000000000000142e+01 4.460000000000000142e+01 9.179999999999999716e+01
8.099900000000000091e+02 4.620000000000000284e+01 4.679999999999999716e+01 4.900000000000000000e+01 9.620000000000000284e+01
8.100099999999999909e+02 4.620000000000000284e+01 4.420000000000000284e+01 5.320000000000000284e+01 9.900000000000000000e+01
8.100299999999999727e+02 4.820000000000000284e+01 4.439999999999999858e+01 3.860000000000000142e+01 9.600000000000000000e+01
8.100500000000000682e+02 5.039999999999999858e+01 4.739999999999999858e+01 4.939999999999999858e+01 9.059999999999999432e+01
8.100700000000000500e+02 5.160000000000000142e+01 4.679999999999999716e+01 4.579999999999999716e+01 9.540000000000000568e+01
8.100900000000000318e+02 4.760000000000000142e+01 4.779999999999999716e+01 4.739999999999999858e+01 8.979999999999999716e+01
8.101100000000000136e+02 4.500000000000000000e+01 5.200000000000000000e+01 4.579999999999999716e+01 1.007999999999999972e+02
8.101299999999999955e+02 5.139999999999999858e+01 4.760000000000000142e+01 4.400000000000000000e+01 9.840000000000000568e+01
8.101499999999999773e+02 4.779999999999999716e+01 4.920000000000000284e+01 4.539999999999999858e+01 9.720000000000000284e+01
8.101700000000000728e+02 4.900000000000000000e+01 4.260000000000000142e+01 5.039999999999999858e+01 9.200000000000000000e+01
8.101900000000000546e+02 5.060000000000000142e+01 4.400000000000000000e+01 5.020000000000000284e+01 9.359999999999999432e+01
8.102100000000000364e+02 4.760000000000000142e+01 4.100000000000000000e+01 4.639999999999999858e+01 9.159999999999999432e+01
8.102300000000000182e+02 5.120000000000000284e+01 4.360000000000000142e+01 4.220000000000000284e+01 8.600000000000000000e+01
8.102500000000000000e+02 4.979999999999999716e+01 5.400000000000000000e+01 4.700000000000000000e+01 9.079999999999999716e+01
8.102699999999999818e+02 4.520000000000000284e+01 4.179999999999999716e+01 4.320000000000000284e+01 9.500000000000000000e+01
8.102899999999999636e+02 4.839999999999999858e+01 4.060000000000000142e+01 4.100000000000000000e+01 9.879999999999999716e+01
8.103100000000000591e+02 5.060000000000000142e+01 5.279999999999999716e+01 4.679999999999999716e+01 8.440000000000000568e+01
8.103300000000000409e+02 5.000000000000000000e+01 5.700000000000000000e+01 4.820000000000000284e+01 7.320000000000000284e+01
8.103500000000000227e+02 4.760000000000000142e+01 4.460000000000000142e+01 5.260000000000000142e+01 9.620000000000000284e+01
8.103700000000000045e+02 4.439999999999999858e+01 4.320000000000000284e+01 4.579999999999999716e+01 9.400000000000000000e+01
8.103899999999999864e+02 4.820000000000000284e+01 4.160000000000000142e+01 3.920000000000000284e+01 9.359999999999999432e+01
8.104099999999999682e+02 4.539999999999999858e+01 4.679999999999999716e+01 4.779999999999999716e+01 9.579999999999999716e+01
8.104300000000000637e+02 5.339999999999999858e+01 4.100000000000000000e+01 4.320000000000000284e+01 9.240000000000000568e+01
8.104500000000000455e+02 5.179999999999999716e+01 4.700000000000000000e+01 4.800000000000000000e+01 9.820000000000000284e+01
8.104700000000000273e+02 5.039999999999999858e+01 4.339999999999999858e+01 4.400000000000000000e+01 9.700000000000000000e+01
8.104900000000000091e+02 4.900000000000000000e+01 4.239999999999999858e+01 5.200000000000000000e+01 8.379999999999999716e+01
8.105099999999999909e+02 5.379999999999999716e+01 5.860000000000000142e+01 5.800000000000000000e+01 7.479999999999999716e+01
8.105299999999999727e+02 5.520000000000000284e+01 4.439999999999999858e+01 7.200000000000000000e+01 6.720000000000000284e+01
8.105500000000000682e+02 5.500000000000000000e+01 4.479999999999999716e+01 8.220000000000000284e+01 6.700000000000000000e+01
8.105700000000000500e+02 4.820000000000000284e+01 5.320000000000000284e+01 8.320000000000000284e+01 5.779999999999999716e+01
8.105900000000000318e+02 5.320000000000000284e+01 5.200000000000000000e+01 8.879999999999999716e+01 4.760000000000000142e+01
8.106100000000000136e+02 5.120000000000000284e+01 4.400000000000000000e+01 4.439999999999999858e+01 9.540000000000000568e+01
8.106299999999999955e+02 5.100000000000000000e+01 4.660000000000000142e+01 5.579999999999999716e+01 8.820000000000000284e+01
8.106499999999999773e+02 4.900000000000000000e+01 4.479999999999999716e+01 4.739999999999999858e+01 9.120000000000000284e+01
8.106700000000000728e+02 5.620000000000000284e+01 5.239999999999999858e+01 5.139999999999999858e+01 8.679999999999999716e+01
8.106900000000000546e+02 4.439999999999999858e+01 4.439999999999999858e+01 4.560000000000000142e+01 8.900000000000000000e+01
8.107100000000000364e+02 5.100000000000000000e+01 4.479999999999999716e+01 4.820000000000000284e+01 9.800000000000000000e+01
8.107300000000000182e+02 5.460000000000000142e+01 4.039999999999999858e+01 4.039999999999999858e+01 9.759999999999999432e+01
8.107500000000000000e+02 5.020000000000000284e+01 4.339999999999999858e+01 4.220000000000000284e+01 9.859999999999999432e+01
8.107699999999999818e+02 5.320000000000000284e+01 4.079999999999999716e+01 4.260000000000000142e+01 9.100000000000000000e+01
8.107899999999999636e+02 4.939999999999999858e+01 4.939999999999999858e+01 4.300000000000000000e+01 9.859999999999999432e+01
8.108100000000000591e+02 5.179999999999999716e+01 4.860000000000000142e+01 5.239999999999999858e+01 9.500000000000000000e+01
8.108300000000000409e+02 4.760000000000000142e+01 4.960000000000000142e+01 4.979999999999999716e+01 8.720000000000000284e+01
8.108500000000000227e+02 4.800000000000000000e+01 5.939999999999999858e+01 4.160000000000000142e+01 8.279999999999999716e+01
8.108700000000000045e+02 4.400000000000000000e+01 4.620000000000000284e+01 4.360000000000000142e+01 8.340000000000000568e+01
8.108899999999999864e+02 5.260000000000000142e+01 4.360000000000000142e+01 4.560000000000000142e+01 9.440000000000000568e+01
8.109099999999999682e+02 5.000000000000000000e+01 4.960000000000000142e+01 4.360000000000000142e+01 1.024000000000000057e+02
8.109300000000000637e+02 5.139999999999999858e+01 4.620000000000000284e+01 4.739999999999999858e+01 1.014000000000000057e+02
8.109500000000000455e+02 5.320000000000000284e+01 4.160000000000000142e+01 4.879999999999999716e+01 9.920000000000000284e+01
8.109700000000000273e+02 5.200000000000000000e+01 4.500000000000000000e+01 4.039999999999999858e+01 9.740000000000000568e+01
8.109900000000000091e+02 5.560000000000000142e+01 4.179999999999999716e+01 4.620000000000000284e+01 1.027999999999999972e+02
8.110099999999999909e+02 4.900000000000000000e+01 4.100000000000000000e+01 4.460000000000000142e+01 9.200000000000000000e+01
8.110299999999999727e+02 5.020000000000000284e+01 4.779999999999999716e+01 4.339999999999999858e+01 1.015999999999999943e+02
8.110500000000000682e+02 5.279999999999999716e+01 4.639999999999999858e+01 4.620000000000000284e+01 9.859999999999999432e+01
8.110700000000000500e+02 4.779999999999999716e+01 5.139999999999999858e+01 4.820000000000000284e+01 9.820000000000000284e+01
8.110900000000000318e+02 5.579999999999999716e+01 4.139999999999999858e+01 4.300000000000000000e+01 9.359999999999999432e+01
8.111100000000000136e+02 4.920000000000000284e+01 4.460000000000000142e+01 4.620000000000000284e+01 9.340000000000000568e+01
8.111299999999999955e+02 4.560000000000000142e+01 4.439999999999999858e+01 4.839999999999999858e+01 1.005999999999999943e+02
8.111499999999999773e+02 4.960000000000000142e+01 3.900000000000000000e+01 4.720000000000000284e+01 9.279999999999999716e+01
8.111700000000000728e+02 4.860000000000000142e+01 4.860000000000000142e+01 4.660000000000000142e+01 9.140000000000000568e+01
8.111900000000000546e+02 4.500000000000000000e+01 4.900000000000000000e+01 4.400000000000000000e+01 9.459999999999999432e+01
8.112100000000000364e+02 5.420000000000000284e+01 5.039999999999999858e+01 4.879999999999999716e+01 9.079999999999999716e+01
8.112300000000000182e+02 4.939999999999999858e+01 4.279999999999999716e+01 4.800000000000000000e+01 9.040000000000000568e+01
8.112500000000000000e+02 5.239999999999999858e+01 4.500000000000000000e+01 4.920000000000000284e+01 1.034000000000000057e+02
8.112699999999999818e+02 4.800000000000000000e+01 3.760000000000000142e+01 4.560000000000000142e+01 9.340000000000000568e+01
8.112899999999999636e+02 4.679999999999999716e+01 4.939999999999999858e+01 4.720000000000000284e+01 8.279999999999999716e+01
8.113100000000000591e+02 5.000000000000000000e+01 4.300000000000000000e+01 4.920000000000000284e+01 9.040000000000000568e+01
8.113300000000000409e+02 5.060000000000000142e+01 4.620000000000000284e+01 4.460000000000000142e+01 9.779999999999999716e+01
8.113500000000000227e+02 5.079999999999999716e+01 4.679999999999999716e+01 4.379999999999999716e+01 8.940000000000000568e+01
8.113700000000000045e+02 5.200000000000000000e+01 4.700000000000000000e+01 4.320000000000000284e+01 9.700000000000000000e+01
8.113899999999999864e+02 5.500000000000000000e+01 4.600000000000000000e+01 4.500000000000000000e+01 8.340000000000000568e+01
8.114099999999999682e+02 5.079999999999999716e+01 4.339999999999999858e+01 4.620000000000000284e+01 9.779999999999999716e+01
8.114300000000000637e+02 4.860000000000000142e+01 5.200000000000000000e+01 4.360000000000000142e+01 9.840000000000000568e+01
8.114500000000000455e+02 4.600000000000000000e+01 4.720000000000000284e+01 4.479999999999999716e+01 9.659999999999999432e+01
